
=============================================

set for n=4: {
[ 4, 2, 1, 3 ],
[ 3, 4, 1, 2 ],
[ 2, 3, 1, 4 ],
[ 3, 2, 4, 1 ],
[ 1, 2, 3, 4 ],
[ 2, 4, 3, 1 ]
}

-------
permutations
{
[ 4, 2, 1, 3 ]
}
largest set of permutations
{
[ 1, 2, 3, 4, 5, 6, 7, 8 ],
[ 3, 1, 2, 4, 5, 7, 8, 6 ],
[ 2, 3, 1, 4, 5, 8, 6, 7 ]
}
size=3

-------
permutations
{
[ 4, 2, 1, 3 ],
[ 3, 4, 1, 2 ]
}
largest set of permutations
{
[ 1, 2, 3, 4, 5, 6, 7, 8 ],
[ 7, 6, 8, 5, 4, 2, 1, 3 ],
[ 6, 8, 7, 5, 3, 4, 1, 2 ]
}
size=3

-------
permutations
{
[ 4, 2, 1, 3 ],
[ 3, 4, 1, 2 ],
[ 2, 3, 1, 4 ]
}
largest set of permutations
{
[ 2, 4, 3, 1, 8, 5, 7, 6 ],
[ 1, 2, 3, 4, 5, 6, 7, 8 ],
[ 4, 1, 3, 2, 6, 8, 7, 5 ],
[ 7, 6, 8, 5, 4, 2, 1, 3 ]
}
size=4

-------
permutations
{
[ 4, 2, 1, 3 ],
[ 3, 4, 1, 2 ],
[ 2, 3, 1, 4 ],
[ 3, 2, 4, 1 ]
}
largest set of permutations
{
[ 7, 8, 5, 6, 2, 1, 4, 3 ],
[ 1, 2, 3, 4, 5, 6, 7, 8 ],
[ 7, 6, 8, 5, 2, 3, 1, 4 ],
[ 3, 1, 2, 4, 6, 8, 7, 5 ],
[ 1, 3, 4, 2, 8, 5, 7, 6 ]
}
size=5

-------
permutations
{
[ 4, 2, 1, 3 ],
[ 3, 4, 1, 2 ],
[ 2, 3, 1, 4 ],
[ 3, 2, 4, 1 ],
[ 1, 2, 3, 4 ]
}
largest set of permutations
{
[ 1, 2, 3, 4, 5, 6, 7, 8 ],
[ 6, 7, 5, 8, 2, 3, 1, 4 ],
[ 3, 1, 2, 4, 5, 8, 6, 7 ],
[ 1, 3, 4, 2, 5, 7, 8, 6 ],
[ 8, 6, 5, 7, 2, 1, 4, 3 ]
}
size=5

-------
permutations
{
[ 4, 2, 1, 3 ],
[ 3, 4, 1, 2 ],
[ 2, 3, 1, 4 ],
[ 3, 2, 4, 1 ],
[ 1, 2, 3, 4 ],
[ 2, 4, 3, 1 ]
}
largest set of permutations
{
[ 6, 8, 7, 5, 3, 2, 4, 1 ],
[ 2, 4, 3, 1, 8, 5, 7, 6 ],
[ 1, 2, 3, 4, 5, 6, 7, 8 ],
[ 2, 1, 4, 3, 6, 8, 7, 5 ],
[ 8, 5, 7, 6, 2, 1, 4, 3 ]
}
size=5

=============================================

set for n=4: {
[ 4, 2, 1, 3 ],
[ 3, 4, 1, 2 ],
[ 1, 2, 3, 4 ],
[ 1, 3, 4, 2 ],
[ 1, 4, 2, 3 ],
[ 4, 1, 3, 2 ]
}

-------
permutations
{
[ 4, 2, 1, 3 ]
}
largest set of permutations
{
[ 1, 2, 3, 4, 5, 6, 7, 8 ],
[ 3, 1, 2, 4, 5, 7, 8, 6 ],
[ 2, 3, 1, 4, 5, 8, 6, 7 ]
}
size=3

-------
permutations
{
[ 4, 2, 1, 3 ],
[ 3, 4, 1, 2 ]
}
largest set of permutations
{
[ 1, 2, 3, 4, 5, 6, 7, 8 ],
[ 7, 6, 8, 5, 4, 2, 1, 3 ],
[ 6, 8, 7, 5, 3, 4, 1, 2 ]
}
size=3

-------
permutations
{
[ 4, 2, 1, 3 ],
[ 3, 4, 1, 2 ],
[ 1, 2, 3, 4 ]
}
largest set of permutations
{
[ 1, 2, 3, 4, 5, 6, 7, 8 ],
[ 3, 1, 2, 4, 5, 8, 6, 7 ],
[ 6, 7, 5, 8, 3, 4, 1, 2 ],
[ 5, 6, 7, 8, 3, 1, 2, 4 ]
}
size=4

-------
permutations
{
[ 4, 2, 1, 3 ],
[ 3, 4, 1, 2 ],
[ 1, 2, 3, 4 ],
[ 1, 3, 4, 2 ]
}
largest set of permutations
{
[ 5, 8, 6, 7, 2, 1, 4, 3 ],
[ 1, 2, 3, 4, 5, 6, 7, 8 ],
[ 7, 6, 8, 5, 1, 3, 4, 2 ],
[ 4, 3, 2, 1, 8, 5, 7, 6 ]
}
size=4

-------
permutations
{
[ 4, 2, 1, 3 ],
[ 3, 4, 1, 2 ],
[ 1, 2, 3, 4 ],
[ 1, 3, 4, 2 ],
[ 1, 4, 2, 3 ]
}
largest set of permutations
{
[ 1, 2, 3, 4, 5, 6, 7, 8 ],
[ 4, 1, 3, 2, 6, 8, 7, 5 ],
[ 8, 7, 6, 5, 2, 1, 4, 3 ],
[ 2, 1, 4, 3, 8, 5, 7, 6 ]
}
size=4

-------
permutations
{
[ 4, 2, 1, 3 ],
[ 3, 4, 1, 2 ],
[ 1, 2, 3, 4 ],
[ 1, 3, 4, 2 ],
[ 1, 4, 2, 3 ],
[ 4, 1, 3, 2 ]
}
largest set of permutations
{
[ 3, 2, 4, 1, 5, 7, 8, 6 ],
[ 1, 2, 3, 4, 5, 6, 7, 8 ],
[ 4, 3, 2, 1, 5, 8, 6, 7 ],
[ 7, 6, 8, 5, 3, 4, 1, 2 ]
}
size=4

=============================================

set for n=4: {
[ 4, 2, 1, 3 ],
[ 2, 3, 1, 4 ],
[ 2, 1, 4, 3 ],
[ 1, 2, 3, 4 ],
[ 2, 4, 3, 1 ],
[ 1, 4, 2, 3 ]
}

-------
permutations
{
[ 4, 2, 1, 3 ]
}
largest set of permutations
{
[ 1, 2, 3, 4, 5, 6, 7, 8 ],
[ 3, 1, 2, 4, 5, 7, 8, 6 ],
[ 2, 3, 1, 4, 5, 8, 6, 7 ]
}
size=3

-------
permutations
{
[ 4, 2, 1, 3 ],
[ 2, 3, 1, 4 ]
}
largest set of permutations
{
[ 1, 2, 3, 4, 5, 6, 7, 8 ],
[ 3, 1, 2, 4, 5, 8, 6, 7 ],
[ 6, 5, 8, 7, 4, 1, 3, 2 ]
}
size=3

-------
permutations
{
[ 4, 2, 1, 3 ],
[ 2, 3, 1, 4 ],
[ 2, 1, 4, 3 ]
}
largest set of permutations
{
[ 2, 4, 3, 1, 8, 5, 7, 6 ],
[ 1, 2, 3, 4, 5, 6, 7, 8 ],
[ 4, 1, 3, 2, 6, 8, 7, 5 ],
[ 7, 6, 8, 5, 4, 2, 1, 3 ]
}
size=4

-------
permutations
{
[ 4, 2, 1, 3 ],
[ 2, 3, 1, 4 ],
[ 2, 1, 4, 3 ],
[ 1, 2, 3, 4 ]
}
largest set of permutations
{
[ 1, 2, 3, 4, 5, 6, 7, 8 ],
[ 2, 3, 1, 4, 5, 7, 8, 6 ],
[ 7, 6, 8, 5, 2, 3, 1, 4 ],
[ 5, 7, 8, 6, 4, 2, 1, 3 ]
}
size=4

-------
permutations
{
[ 4, 2, 1, 3 ],
[ 2, 3, 1, 4 ],
[ 2, 1, 4, 3 ],
[ 1, 2, 3, 4 ],
[ 2, 4, 3, 1 ]
}
largest set of permutations
{
[ 5, 6, 7, 8, 4, 1, 3, 2 ],
[ 1, 2, 3, 4, 5, 6, 7, 8 ],
[ 6, 8, 7, 5, 2, 4, 3, 1 ],
[ 5, 7, 8, 6, 1, 2, 3, 4 ],
[ 4, 1, 3, 2, 8, 5, 7, 6 ]
}
size=5

-------
permutations
{
[ 4, 2, 1, 3 ],
[ 2, 3, 1, 4 ],
[ 2, 1, 4, 3 ],
[ 1, 2, 3, 4 ],
[ 2, 4, 3, 1 ],
[ 1, 4, 2, 3 ]
}
largest set of permutations
{
[ 1, 2, 3, 4, 5, 6, 7, 8 ],
[ 7, 5, 6, 8, 4, 2, 1, 3 ],
[ 3, 1, 2, 4, 5, 7, 8, 6 ],
[ 8, 5, 7, 6, 4, 1, 3, 2 ],
[ 2, 3, 1, 4, 5, 8, 6, 7 ],
[ 6, 5, 8, 7, 4, 3, 2, 1 ]
}
size=6

=============================================

set for n=4: {
[ 3, 1, 2, 4 ],
[ 2, 1, 4, 3 ],
[ 1, 2, 3, 4 ],
[ 1, 3, 4, 2 ],
[ 1, 4, 2, 3 ],
[ 4, 1, 3, 2 ]
}

-------
permutations
{
[ 3, 1, 2, 4 ]
}
largest set of permutations
{
[ 1, 2, 3, 4, 5, 6, 7, 8 ],
[ 6, 7, 5, 8, 1, 4, 2, 3 ],
[ 5, 7, 8, 6, 3, 1, 2, 4 ]
}
size=3

-------
permutations
{
[ 3, 1, 2, 4 ],
[ 2, 1, 4, 3 ]
}
largest set of permutations
{
[ 4, 2, 1, 3, 6, 8, 7, 5 ],
[ 1, 2, 3, 4, 5, 6, 7, 8 ],
[ 6, 7, 5, 8, 1, 4, 2, 3 ]
}
size=3

-------
permutations
{
[ 3, 1, 2, 4 ],
[ 2, 1, 4, 3 ],
[ 1, 2, 3, 4 ]
}
largest set of permutations
{
[ 3, 4, 1, 2, 7, 8, 5, 6 ],
[ 1, 2, 3, 4, 5, 6, 7, 8 ],
[ 6, 5, 8, 7, 4, 3, 2, 1 ],
[ 8, 7, 6, 5, 2, 1, 4, 3 ]
}
size=4

-------
permutations
{
[ 3, 1, 2, 4 ],
[ 2, 1, 4, 3 ],
[ 1, 2, 3, 4 ],
[ 1, 3, 4, 2 ]
}
largest set of permutations
{
[ 3, 4, 1, 2, 7, 8, 5, 6 ],
[ 1, 2, 3, 4, 5, 6, 7, 8 ],
[ 6, 5, 8, 7, 4, 3, 2, 1 ],
[ 8, 7, 6, 5, 2, 1, 4, 3 ]
}
size=4

-------
permutations
{
[ 3, 1, 2, 4 ],
[ 2, 1, 4, 3 ],
[ 1, 2, 3, 4 ],
[ 1, 3, 4, 2 ],
[ 1, 4, 2, 3 ]
}
largest set of permutations
{
[ 5, 7, 8, 6, 1, 3, 4, 2 ],
[ 1, 2, 3, 4, 5, 6, 7, 8 ],
[ 3, 2, 4, 1, 8, 5, 7, 6 ],
[ 5, 8, 6, 7, 4, 2, 1, 3 ]
}
size=4

-------
permutations
{
[ 3, 1, 2, 4 ],
[ 2, 1, 4, 3 ],
[ 1, 2, 3, 4 ],
[ 1, 3, 4, 2 ],
[ 1, 4, 2, 3 ],
[ 4, 1, 3, 2 ]
}
largest set of permutations
{
[ 1, 2, 3, 4, 5, 6, 7, 8 ],
[ 2, 3, 1, 4, 7, 8, 5, 6 ],
[ 6, 5, 8, 7, 3, 2, 4, 1 ],
[ 8, 6, 5, 7, 2, 1, 4, 3 ]
}
size=4

=============================================

set for n=4: {
[ 4, 2, 1, 3 ],
[ 2, 3, 1, 4 ],
[ 3, 2, 4, 1 ],
[ 2, 1, 4, 3 ],
[ 1, 2, 3, 4 ],
[ 1, 3, 4, 2 ]
}

-------
permutations
{
[ 4, 2, 1, 3 ]
}
largest set of permutations
{
[ 1, 2, 3, 4, 5, 6, 7, 8 ],
[ 3, 1, 2, 4, 5, 7, 8, 6 ],
[ 2, 3, 1, 4, 5, 8, 6, 7 ]
}
size=3

-------
permutations
{
[ 4, 2, 1, 3 ],
[ 2, 3, 1, 4 ]
}
largest set of permutations
{
[ 1, 2, 3, 4, 5, 6, 7, 8 ],
[ 3, 1, 2, 4, 5, 8, 6, 7 ],
[ 6, 5, 8, 7, 4, 1, 3, 2 ]
}
size=3

-------
permutations
{
[ 4, 2, 1, 3 ],
[ 2, 3, 1, 4 ],
[ 3, 2, 4, 1 ]
}
largest set of permutations
{
[ 1, 2, 3, 4, 5, 6, 7, 8 ],
[ 3, 1, 2, 4, 5, 8, 6, 7 ],
[ 6, 5, 8, 7, 2, 3, 1, 4 ],
[ 8, 6, 5, 7, 2, 1, 4, 3 ]
}
size=4

-------
permutations
{
[ 4, 2, 1, 3 ],
[ 2, 3, 1, 4 ],
[ 3, 2, 4, 1 ],
[ 2, 1, 4, 3 ]
}
largest set of permutations
{
[ 5, 7, 8, 6, 3, 2, 4, 1 ],
[ 1, 2, 3, 4, 5, 6, 7, 8 ],
[ 8, 6, 5, 7, 4, 1, 3, 2 ],
[ 2, 1, 4, 3, 7, 8, 5, 6 ]
}
size=4

-------
permutations
{
[ 4, 2, 1, 3 ],
[ 2, 3, 1, 4 ],
[ 3, 2, 4, 1 ],
[ 2, 1, 4, 3 ],
[ 1, 2, 3, 4 ]
}
largest set of permutations
{
[ 1, 2, 3, 4, 5, 6, 7, 8 ],
[ 8, 6, 5, 7, 3, 1, 2, 4 ],
[ 2, 3, 1, 4, 5, 8, 6, 7 ],
[ 6, 5, 8, 7, 3, 2, 4, 1 ]
}
size=4

-------
permutations
{
[ 4, 2, 1, 3 ],
[ 2, 3, 1, 4 ],
[ 3, 2, 4, 1 ],
[ 2, 1, 4, 3 ],
[ 1, 2, 3, 4 ],
[ 1, 3, 4, 2 ]
}
largest set of permutations
{
[ 3, 1, 2, 4, 8, 5, 7, 6 ],
[ 1, 2, 3, 4, 5, 6, 7, 8 ],
[ 8, 6, 5, 7, 4, 1, 3, 2 ],
[ 2, 3, 1, 4, 6, 8, 7, 5 ],
[ 6, 5, 8, 7, 4, 3, 2, 1 ],
[ 5, 8, 6, 7, 4, 2, 1, 3 ]
}
size=6

=============================================

set for n=4: {
[ 4, 2, 1, 3 ],
[ 3, 4, 1, 2 ],
[ 3, 2, 4, 1 ],
[ 1, 2, 3, 4 ],
[ 1, 3, 4, 2 ],
[ 4, 1, 3, 2 ]
}

-------
permutations
{
[ 4, 2, 1, 3 ]
}
largest set of permutations
{
[ 1, 2, 3, 4, 5, 6, 7, 8 ],
[ 3, 1, 2, 4, 5, 7, 8, 6 ],
[ 2, 3, 1, 4, 5, 8, 6, 7 ]
}
size=3

-------
permutations
{
[ 4, 2, 1, 3 ],
[ 3, 4, 1, 2 ]
}
largest set of permutations
{
[ 1, 2, 3, 4, 5, 6, 7, 8 ],
[ 7, 6, 8, 5, 4, 2, 1, 3 ],
[ 6, 8, 7, 5, 3, 4, 1, 2 ]
}
size=3

-------
permutations
{
[ 4, 2, 1, 3 ],
[ 3, 4, 1, 2 ],
[ 3, 2, 4, 1 ]
}
largest set of permutations
{
[ 6, 5, 8, 7, 3, 1, 2, 4 ],
[ 1, 2, 3, 4, 5, 6, 7, 8 ],
[ 6, 7, 5, 8, 3, 2, 4, 1 ],
[ 6, 8, 7, 5, 3, 4, 1, 2 ]
}
size=4

-------
permutations
{
[ 4, 2, 1, 3 ],
[ 3, 4, 1, 2 ],
[ 3, 2, 4, 1 ],
[ 1, 2, 3, 4 ]
}
largest set of permutations
{
[ 3, 1, 2, 4, 8, 5, 7, 6 ],
[ 1, 2, 3, 4, 5, 6, 7, 8 ],
[ 5, 6, 7, 8, 2, 1, 4, 3 ],
[ 6, 5, 8, 7, 4, 3, 2, 1 ]
}
size=4

-------
permutations
{
[ 4, 2, 1, 3 ],
[ 3, 4, 1, 2 ],
[ 3, 2, 4, 1 ],
[ 1, 2, 3, 4 ],
[ 1, 3, 4, 2 ]
}
largest set of permutations
{
[ 6, 8, 7, 5, 3, 2, 4, 1 ],
[ 1, 2, 3, 4, 5, 6, 7, 8 ],
[ 3, 1, 2, 4, 5, 8, 6, 7 ],
[ 7, 6, 8, 5, 1, 3, 4, 2 ],
[ 2, 3, 1, 4, 5, 7, 8, 6 ],
[ 8, 7, 6, 5, 2, 1, 4, 3 ]
}
size=6

-------
permutations
{
[ 4, 2, 1, 3 ],
[ 3, 4, 1, 2 ],
[ 3, 2, 4, 1 ],
[ 1, 2, 3, 4 ],
[ 1, 3, 4, 2 ],
[ 4, 1, 3, 2 ]
}
largest set of permutations
{
[ 3, 1, 2, 4, 8, 5, 7, 6 ],
[ 1, 2, 3, 4, 5, 6, 7, 8 ],
[ 8, 6, 5, 7, 4, 1, 3, 2 ],
[ 2, 3, 1, 4, 6, 8, 7, 5 ],
[ 6, 5, 8, 7, 4, 3, 2, 1 ],
[ 5, 8, 6, 7, 4, 2, 1, 3 ]
}
size=6

=============================================

set for n=4: {
[ 3, 4, 1, 2 ],
[ 2, 3, 1, 4 ],
[ 3, 1, 2, 4 ],
[ 3, 2, 4, 1 ],
[ 1, 2, 3, 4 ],
[ 1, 3, 4, 2 ]
}

-------
permutations
{
[ 3, 4, 1, 2 ]
}

-------
permutations
{
[ 3, 4, 1, 2 ],
[ 2, 3, 1, 4 ]
}
largest set of permutations
{
[ 1, 2, 3, 4, 5, 6, 7, 8 ],
[ 2, 1, 4, 3, 7, 8, 5, 6 ],
[ 7, 5, 6, 8, 1, 4, 2, 3 ],
[ 5, 7, 8, 6, 2, 3, 1, 4 ]
}
size=4

-------
permutations
{
[ 3, 4, 1, 2 ],
[ 2, 3, 1, 4 ],
[ 3, 1, 2, 4 ]
}
largest set of permutations
{
[ 1, 2, 3, 4, 5, 6, 7, 8 ],
[ 4, 1, 3, 2, 6, 8, 7, 5 ],
[ 7, 5, 6, 8, 1, 4, 2, 3 ],
[ 2, 1, 4, 3, 8, 5, 7, 6 ]
}
size=4

-------
permutations
{
[ 3, 4, 1, 2 ],
[ 2, 3, 1, 4 ],
[ 3, 1, 2, 4 ],
[ 3, 2, 4, 1 ]
}
largest set of permutations
{
[ 1, 2, 3, 4, 5, 6, 7, 8 ],
[ 2, 4, 3, 1, 8, 5, 7, 6 ],
[ 7, 5, 6, 8, 3, 1, 2, 4 ],
[ 6, 5, 8, 7, 3, 2, 4, 1 ],
[ 5, 7, 8, 6, 3, 4, 1, 2 ]
}
size=5

-------
permutations
{
[ 3, 4, 1, 2 ],
[ 2, 3, 1, 4 ],
[ 3, 1, 2, 4 ],
[ 3, 2, 4, 1 ],
[ 1, 2, 3, 4 ]
}
largest set of permutations
{
[ 7, 5, 6, 8, 4, 1, 3, 2 ],
[ 1, 3, 4, 2, 6, 8, 7, 5 ],
[ 1, 2, 3, 4, 5, 6, 7, 8 ],
[ 3, 2, 4, 1, 8, 5, 7, 6 ],
[ 7, 6, 8, 5, 1, 2, 3, 4 ]
}
size=5

-------
permutations
{
[ 3, 4, 1, 2 ],
[ 2, 3, 1, 4 ],
[ 3, 1, 2, 4 ],
[ 3, 2, 4, 1 ],
[ 1, 2, 3, 4 ],
[ 1, 3, 4, 2 ]
}
largest set of permutations
{
[ 6, 7, 5, 8, 1, 3, 4, 2 ],
[ 6, 8, 7, 5, 3, 2, 4, 1 ],
[ 1, 2, 3, 4, 5, 6, 7, 8 ],
[ 4, 3, 2, 1, 5, 8, 6, 7 ],
[ 8, 6, 5, 7, 2, 1, 4, 3 ]
}
size=5

=============================================

set for n=4: {
[ 4, 2, 1, 3 ],
[ 2, 3, 1, 4 ],
[ 2, 1, 4, 3 ],
[ 1, 2, 3, 4 ],
[ 1, 3, 4, 2 ],
[ 1, 4, 2, 3 ]
}

-------
permutations
{
[ 4, 2, 1, 3 ]
}
largest set of permutations
{
[ 1, 2, 3, 4, 5, 6, 7, 8 ],
[ 3, 1, 2, 4, 5, 7, 8, 6 ],
[ 2, 3, 1, 4, 5, 8, 6, 7 ]
}
size=3

-------
permutations
{
[ 4, 2, 1, 3 ],
[ 2, 3, 1, 4 ]
}
largest set of permutations
{
[ 1, 2, 3, 4, 5, 6, 7, 8 ],
[ 3, 1, 2, 4, 5, 8, 6, 7 ],
[ 6, 5, 8, 7, 4, 1, 3, 2 ]
}
size=3

-------
permutations
{
[ 4, 2, 1, 3 ],
[ 2, 3, 1, 4 ],
[ 2, 1, 4, 3 ]
}
largest set of permutations
{
[ 2, 4, 3, 1, 8, 5, 7, 6 ],
[ 1, 2, 3, 4, 5, 6, 7, 8 ],
[ 4, 1, 3, 2, 6, 8, 7, 5 ],
[ 7, 6, 8, 5, 4, 2, 1, 3 ]
}
size=4

-------
permutations
{
[ 4, 2, 1, 3 ],
[ 2, 3, 1, 4 ],
[ 2, 1, 4, 3 ],
[ 1, 2, 3, 4 ]
}
largest set of permutations
{
[ 1, 2, 3, 4, 5, 6, 7, 8 ],
[ 2, 3, 1, 4, 5, 7, 8, 6 ],
[ 7, 6, 8, 5, 2, 3, 1, 4 ],
[ 5, 7, 8, 6, 4, 2, 1, 3 ]
}
size=4

-------
permutations
{
[ 4, 2, 1, 3 ],
[ 2, 3, 1, 4 ],
[ 2, 1, 4, 3 ],
[ 1, 2, 3, 4 ],
[ 1, 3, 4, 2 ]
}
largest set of permutations
{
[ 3, 4, 1, 2, 7, 8, 5, 6 ],
[ 1, 2, 3, 4, 5, 6, 7, 8 ],
[ 5, 8, 6, 7, 4, 1, 3, 2 ],
[ 6, 5, 8, 7, 4, 3, 2, 1 ]
}
size=4

-------
permutations
{
[ 4, 2, 1, 3 ],
[ 2, 3, 1, 4 ],
[ 2, 1, 4, 3 ],
[ 1, 2, 3, 4 ],
[ 1, 3, 4, 2 ],
[ 1, 4, 2, 3 ]
}
largest set of permutations
{
[ 3, 2, 4, 1, 5, 7, 8, 6 ],
[ 1, 2, 3, 4, 5, 6, 7, 8 ],
[ 7, 5, 6, 8, 4, 2, 1, 3 ],
[ 6, 8, 7, 5, 2, 3, 1, 4 ],
[ 2, 4, 3, 1, 5, 8, 6, 7 ]
}
size=5

=============================================

set for n=4: {
[ 3, 4, 1, 2 ],
[ 2, 3, 1, 4 ],
[ 3, 1, 2, 4 ],
[ 1, 2, 3, 4 ],
[ 1, 3, 4, 2 ],
[ 1, 4, 2, 3 ]
}

-------
permutations
{
[ 3, 4, 1, 2 ]
}

-------
permutations
{
[ 3, 4, 1, 2 ],
[ 2, 3, 1, 4 ]
}
largest set of permutations
{
[ 1, 2, 3, 4, 5, 6, 7, 8 ],
[ 2, 1, 4, 3, 7, 8, 5, 6 ],
[ 7, 5, 6, 8, 1, 4, 2, 3 ],
[ 5, 7, 8, 6, 2, 3, 1, 4 ]
}
size=4

-------
permutations
{
[ 3, 4, 1, 2 ],
[ 2, 3, 1, 4 ],
[ 3, 1, 2, 4 ]
}
largest set of permutations
{
[ 1, 2, 3, 4, 5, 6, 7, 8 ],
[ 4, 1, 3, 2, 6, 8, 7, 5 ],
[ 7, 5, 6, 8, 1, 4, 2, 3 ],
[ 2, 1, 4, 3, 8, 5, 7, 6 ]
}
size=4

-------
permutations
{
[ 3, 4, 1, 2 ],
[ 2, 3, 1, 4 ],
[ 3, 1, 2, 4 ],
[ 1, 2, 3, 4 ]
}
largest set of permutations
{
[ 4, 2, 1, 3, 6, 8, 7, 5 ],
[ 1, 2, 3, 4, 5, 6, 7, 8 ],
[ 2, 4, 3, 1, 8, 5, 7, 6 ],
[ 7, 8, 5, 6, 1, 4, 2, 3 ]
}
size=4

-------
permutations
{
[ 3, 4, 1, 2 ],
[ 2, 3, 1, 4 ],
[ 3, 1, 2, 4 ],
[ 1, 2, 3, 4 ],
[ 1, 3, 4, 2 ]
}
largest set of permutations
{
[ 1, 2, 3, 4, 5, 6, 7, 8 ],
[ 4, 1, 3, 2, 6, 8, 7, 5 ],
[ 8, 7, 6, 5, 2, 1, 4, 3 ],
[ 2, 1, 4, 3, 8, 5, 7, 6 ]
}
size=4

-------
permutations
{
[ 3, 4, 1, 2 ],
[ 2, 3, 1, 4 ],
[ 3, 1, 2, 4 ],
[ 1, 2, 3, 4 ],
[ 1, 3, 4, 2 ],
[ 1, 4, 2, 3 ]
}
largest set of permutations
{
[ 1, 2, 3, 4, 5, 6, 7, 8 ],
[ 7, 5, 6, 8, 3, 1, 2, 4 ],
[ 2, 1, 4, 3, 5, 7, 8, 6 ],
[ 5, 8, 6, 7, 1, 4, 2, 3 ]
}
size=4

=============================================

set for n=4: {
[ 1, 2, 3, 4 ],
[ 3, 2, 4, 1 ],
[ 1, 3, 4, 2 ],
[ 2, 1, 4, 3 ],
[ 2, 3, 1, 4 ],
[ 3, 1, 2, 4 ]
}

-------
permutations
{
[ 1, 2, 3, 4 ]
}
largest set of permutations
{
[ 6, 7, 4, 3, 2, 1, 5, 8 ],
[ 1, 2, 3, 4, 5, 6, 7, 8 ],
[ 4, 3, 2, 1, 7, 8, 5, 6 ]
}
size=3

-------
permutations
{
[ 3, 2, 4, 1 ],
[ 1, 2, 3, 4 ]
}
largest set of permutations
{
[ 1, 2, 3, 4, 5, 6, 7, 8 ],
[ 4, 3, 2, 1, 7, 8, 5, 6 ],
[ 8, 5, 1, 2, 3, 4, 7, 6 ]
}
size=3

-------
permutations
{
[ 3, 2, 4, 1 ],
[ 1, 2, 3, 4 ],
[ 1, 3, 4, 2 ]
}
largest set of permutations
{
[ 5, 7, 8, 6, 1, 3, 4, 2 ],
[ 1, 2, 3, 4, 5, 6, 7, 8 ],
[ 1, 4, 2, 3, 5, 8, 6, 7 ],
[ 5, 6, 7, 8, 1, 4, 2, 3 ],
[ 4, 3, 2, 1, 5, 7, 8, 6 ]
}
size=5

-------
permutations
{
[ 3, 2, 4, 1 ],
[ 2, 1, 4, 3 ],
[ 1, 2, 3, 4 ],
[ 1, 3, 4, 2 ]
}
largest set of permutations
{
[ 5, 7, 8, 6, 1, 3, 4, 2 ],
[ 1, 2, 3, 4, 5, 6, 7, 8 ],
[ 1, 4, 2, 3, 5, 8, 6, 7 ],
[ 5, 6, 7, 8, 1, 4, 2, 3 ],
[ 4, 3, 2, 1, 5, 7, 8, 6 ]
}
size=5

-------
permutations
{
[ 2, 3, 1, 4 ],
[ 3, 2, 4, 1 ],
[ 2, 1, 4, 3 ],
[ 1, 2, 3, 4 ],
[ 1, 3, 4, 2 ]
}
largest set of permutations
{
[ 5, 7, 8, 6, 1, 3, 4, 2 ],
[ 1, 2, 3, 4, 5, 6, 7, 8 ],
[ 1, 4, 2, 3, 5, 8, 6, 7 ],
[ 5, 6, 7, 8, 1, 4, 2, 3 ],
[ 4, 3, 2, 1, 5, 7, 8, 6 ]
}
size=5

-------
permutations
{
[ 1, 2, 3, 4 ],
[ 3, 2, 4, 1 ],
[ 1, 3, 4, 2 ],
[ 2, 1, 4, 3 ],
[ 2, 3, 1, 4 ],
[ 3, 1, 2, 4 ]
}
largest set of permutations
{
[ 7, 6, 8, 5, 1, 3, 4, 2 ],
[ 1, 2, 3, 4, 5, 6, 7, 8 ],
[ 5, 7, 8, 6, 1, 2, 3, 4 ],
[ 1, 3, 4, 2, 5, 7, 8, 6 ],
[ 5, 8, 6, 7, 1, 4, 2, 3 ]
}
size=5

=============================================

set for n=4: {
[ 4, 2, 1, 3 ],
[ 2, 3, 1, 4 ],
[ 3, 2, 4, 1 ],
[ 2, 1, 4, 3 ],
[ 1, 2, 3, 4 ],
[ 2, 4, 3, 1 ]
}

-------
permutations
{
[ 4, 2, 1, 3 ]
}
largest set of permutations
{
[ 1, 2, 3, 4, 5, 6, 7, 8 ],
[ 3, 1, 2, 4, 5, 7, 8, 6 ],
[ 2, 3, 1, 4, 5, 8, 6, 7 ]
}
size=3

-------
permutations
{
[ 4, 2, 1, 3 ],
[ 2, 3, 1, 4 ]
}
largest set of permutations
{
[ 1, 2, 3, 4, 5, 6, 7, 8 ],
[ 3, 1, 2, 4, 5, 8, 6, 7 ],
[ 6, 5, 8, 7, 4, 1, 3, 2 ]
}
size=3

-------
permutations
{
[ 4, 2, 1, 3 ],
[ 2, 3, 1, 4 ],
[ 3, 2, 4, 1 ]
}
largest set of permutations
{
[ 1, 2, 3, 4, 5, 6, 7, 8 ],
[ 3, 1, 2, 4, 5, 8, 6, 7 ],
[ 6, 5, 8, 7, 2, 3, 1, 4 ],
[ 8, 6, 5, 7, 2, 1, 4, 3 ]
}
size=4

-------
permutations
{
[ 4, 2, 1, 3 ],
[ 2, 3, 1, 4 ],
[ 3, 2, 4, 1 ],
[ 2, 1, 4, 3 ]
}
largest set of permutations
{
[ 5, 7, 8, 6, 3, 2, 4, 1 ],
[ 1, 2, 3, 4, 5, 6, 7, 8 ],
[ 8, 6, 5, 7, 4, 1, 3, 2 ],
[ 2, 1, 4, 3, 7, 8, 5, 6 ]
}
size=4

-------
permutations
{
[ 4, 2, 1, 3 ],
[ 2, 3, 1, 4 ],
[ 3, 2, 4, 1 ],
[ 2, 1, 4, 3 ],
[ 1, 2, 3, 4 ]
}
largest set of permutations
{
[ 1, 2, 3, 4, 5, 6, 7, 8 ],
[ 8, 6, 5, 7, 3, 1, 2, 4 ],
[ 2, 3, 1, 4, 5, 8, 6, 7 ],
[ 6, 5, 8, 7, 3, 2, 4, 1 ]
}
size=4

-------
permutations
{
[ 4, 2, 1, 3 ],
[ 2, 3, 1, 4 ],
[ 3, 2, 4, 1 ],
[ 2, 1, 4, 3 ],
[ 1, 2, 3, 4 ],
[ 2, 4, 3, 1 ]
}
largest set of permutations
{
[ 5, 8, 6, 7, 2, 1, 4, 3 ],
[ 1, 2, 3, 4, 5, 6, 7, 8 ],
[ 6, 5, 8, 7, 2, 4, 3, 1 ],
[ 5, 7, 8, 6, 2, 3, 1, 4 ],
[ 2, 3, 1, 4, 8, 5, 7, 6 ]
}
size=5

=============================================

set for n=4: {
[ 4, 2, 1, 3 ],
[ 2, 1, 4, 3 ],
[ 1, 2, 3, 4 ],
[ 1, 3, 4, 2 ],
[ 1, 4, 2, 3 ],
[ 4, 1, 3, 2 ]
}

-------
permutations
{
[ 4, 2, 1, 3 ]
}
largest set of permutations
{
[ 1, 2, 3, 4, 5, 6, 7, 8 ],
[ 3, 1, 2, 4, 5, 7, 8, 6 ],
[ 2, 3, 1, 4, 5, 8, 6, 7 ]
}
size=3

-------
permutations
{
[ 4, 2, 1, 3 ],
[ 2, 1, 4, 3 ]
}
largest set of permutations
{
[ 1, 2, 3, 4, 5, 6, 7, 8 ],
[ 2, 1, 4, 3, 7, 8, 5, 6 ],
[ 8, 5, 4, 2, 1, 3, 7, 6 ]
}
size=3

-------
permutations
{
[ 4, 2, 1, 3 ],
[ 2, 1, 4, 3 ],
[ 1, 2, 3, 4 ]
}
largest set of permutations
{
[ 3, 4, 1, 2, 7, 8, 5, 6 ],
[ 1, 2, 3, 4, 5, 6, 7, 8 ],
[ 6, 5, 8, 7, 4, 3, 2, 1 ],
[ 8, 7, 6, 5, 2, 1, 4, 3 ]
}
size=4

-------
permutations
{
[ 4, 2, 1, 3 ],
[ 2, 1, 4, 3 ],
[ 1, 2, 3, 4 ],
[ 1, 3, 4, 2 ]
}
largest set of permutations
{
[ 5, 7, 8, 6, 1, 3, 4, 2 ],
[ 1, 2, 3, 4, 5, 6, 7, 8 ],
[ 5, 8, 6, 7, 4, 2, 1, 3 ],
[ 4, 3, 2, 1, 5, 7, 8, 6 ]
}
size=4

-------
permutations
{
[ 4, 2, 1, 3 ],
[ 2, 1, 4, 3 ],
[ 1, 2, 3, 4 ],
[ 1, 3, 4, 2 ],
[ 1, 4, 2, 3 ]
}
largest set of permutations
{
[ 1, 2, 3, 4, 5, 6, 7, 8 ],
[ 2, 3, 1, 4, 7, 8, 5, 6 ],
[ 6, 5, 8, 7, 3, 2, 4, 1 ],
[ 8, 6, 5, 7, 2, 1, 4, 3 ]
}
size=4

-------
permutations
{
[ 4, 2, 1, 3 ],
[ 2, 1, 4, 3 ],
[ 1, 2, 3, 4 ],
[ 1, 3, 4, 2 ],
[ 1, 4, 2, 3 ],
[ 4, 1, 3, 2 ]
}
largest set of permutations
{
[ 1, 2, 3, 4, 5, 6, 7, 8 ],
[ 2, 3, 1, 4, 7, 8, 5, 6 ],
[ 6, 5, 8, 7, 3, 2, 4, 1 ],
[ 8, 6, 5, 7, 2, 1, 4, 3 ]
}
size=4

=============================================

set for n=4: {
[ 4, 2, 1, 3 ],
[ 2, 1, 4, 3 ],
[ 1, 2, 3, 4 ],
[ 2, 4, 3, 1 ],
[ 1, 4, 2, 3 ],
[ 4, 1, 3, 2 ]
}

-------
permutations
{
[ 4, 2, 1, 3 ]
}
largest set of permutations
{
[ 1, 2, 3, 4, 5, 6, 7, 8 ],
[ 3, 1, 2, 4, 5, 7, 8, 6 ],
[ 2, 3, 1, 4, 5, 8, 6, 7 ]
}
size=3

-------
permutations
{
[ 4, 2, 1, 3 ],
[ 2, 1, 4, 3 ]
}
largest set of permutations
{
[ 1, 2, 3, 4, 5, 6, 7, 8 ],
[ 2, 1, 4, 3, 7, 8, 5, 6 ],
[ 8, 5, 4, 2, 1, 3, 7, 6 ]
}
size=3

-------
permutations
{
[ 4, 2, 1, 3 ],
[ 2, 1, 4, 3 ],
[ 1, 2, 3, 4 ]
}
largest set of permutations
{
[ 3, 4, 1, 2, 7, 8, 5, 6 ],
[ 1, 2, 3, 4, 5, 6, 7, 8 ],
[ 6, 5, 8, 7, 4, 3, 2, 1 ],
[ 8, 7, 6, 5, 2, 1, 4, 3 ]
}
size=4

-------
permutations
{
[ 4, 2, 1, 3 ],
[ 2, 1, 4, 3 ],
[ 1, 2, 3, 4 ],
[ 2, 4, 3, 1 ]
}
largest set of permutations
{
[ 1, 2, 3, 4, 5, 6, 7, 8 ],
[ 6, 5, 8, 7, 4, 3, 2, 1 ],
[ 6, 7, 5, 8, 4, 2, 1, 3 ],
[ 3, 4, 1, 2, 6, 8, 7, 5 ]
}
size=4

-------
permutations
{
[ 4, 2, 1, 3 ],
[ 2, 1, 4, 3 ],
[ 1, 2, 3, 4 ],
[ 2, 4, 3, 1 ],
[ 1, 4, 2, 3 ]
}
largest set of permutations
{
[ 1, 2, 3, 4, 5, 6, 7, 8 ],
[ 8, 5, 7, 6, 3, 1, 2, 4 ],
[ 3, 2, 4, 1, 8, 5, 7, 6 ],
[ 4, 3, 2, 1, 6, 8, 7, 5 ]
}
size=4

-------
permutations
{
[ 4, 2, 1, 3 ],
[ 2, 1, 4, 3 ],
[ 1, 2, 3, 4 ],
[ 2, 4, 3, 1 ],
[ 1, 4, 2, 3 ],
[ 4, 1, 3, 2 ]
}
largest set of permutations
{
[ 1, 2, 3, 4, 5, 6, 7, 8 ],
[ 3, 4, 1, 2, 5, 7, 8, 6 ],
[ 6, 5, 8, 7, 2, 3, 1, 4 ],
[ 7, 5, 6, 8, 2, 1, 4, 3 ]
}
size=4

=============================================

set for n=4: {
[ 4, 2, 1, 3 ],
[ 3, 4, 1, 2 ],
[ 2, 3, 1, 4 ],
[ 3, 2, 4, 1 ],
[ 1, 2, 3, 4 ],
[ 1, 3, 4, 2 ]
}

-------
permutations
{
[ 4, 2, 1, 3 ]
}
largest set of permutations
{
[ 1, 2, 3, 4, 5, 6, 7, 8 ],
[ 3, 1, 2, 4, 5, 7, 8, 6 ],
[ 2, 3, 1, 4, 5, 8, 6, 7 ]
}
size=3

-------
permutations
{
[ 4, 2, 1, 3 ],
[ 3, 4, 1, 2 ]
}
largest set of permutations
{
[ 1, 2, 3, 4, 5, 6, 7, 8 ],
[ 7, 6, 8, 5, 4, 2, 1, 3 ],
[ 6, 8, 7, 5, 3, 4, 1, 2 ]
}
size=3

-------
permutations
{
[ 4, 2, 1, 3 ],
[ 3, 4, 1, 2 ],
[ 2, 3, 1, 4 ]
}
largest set of permutations
{
[ 2, 4, 3, 1, 8, 5, 7, 6 ],
[ 1, 2, 3, 4, 5, 6, 7, 8 ],
[ 4, 1, 3, 2, 6, 8, 7, 5 ],
[ 7, 6, 8, 5, 4, 2, 1, 3 ]
}
size=4

-------
permutations
{
[ 4, 2, 1, 3 ],
[ 3, 4, 1, 2 ],
[ 2, 3, 1, 4 ],
[ 3, 2, 4, 1 ]
}
largest set of permutations
{
[ 7, 8, 5, 6, 2, 1, 4, 3 ],
[ 1, 2, 3, 4, 5, 6, 7, 8 ],
[ 7, 6, 8, 5, 2, 3, 1, 4 ],
[ 3, 1, 2, 4, 6, 8, 7, 5 ],
[ 1, 3, 4, 2, 8, 5, 7, 6 ]
}
size=5

-------
permutations
{
[ 4, 2, 1, 3 ],
[ 3, 4, 1, 2 ],
[ 2, 3, 1, 4 ],
[ 3, 2, 4, 1 ],
[ 1, 2, 3, 4 ]
}
largest set of permutations
{
[ 1, 2, 3, 4, 5, 6, 7, 8 ],
[ 6, 7, 5, 8, 2, 3, 1, 4 ],
[ 3, 1, 2, 4, 5, 8, 6, 7 ],
[ 1, 3, 4, 2, 5, 7, 8, 6 ],
[ 8, 6, 5, 7, 2, 1, 4, 3 ]
}
size=5

-------
permutations
{
[ 4, 2, 1, 3 ],
[ 3, 4, 1, 2 ],
[ 2, 3, 1, 4 ],
[ 3, 2, 4, 1 ],
[ 1, 2, 3, 4 ],
[ 1, 3, 4, 2 ]
}
largest set of permutations
{
[ 3, 1, 2, 4, 8, 5, 7, 6 ],
[ 1, 2, 3, 4, 5, 6, 7, 8 ],
[ 8, 6, 5, 7, 4, 1, 3, 2 ],
[ 2, 3, 1, 4, 6, 8, 7, 5 ],
[ 6, 5, 8, 7, 4, 3, 2, 1 ],
[ 5, 8, 6, 7, 4, 2, 1, 3 ]
}
size=6

=============================================

set for n=4: {
[ 3, 4, 1, 2 ],
[ 2, 3, 1, 4 ],
[ 3, 1, 2, 4 ],
[ 3, 2, 4, 1 ],
[ 1, 2, 3, 4 ],
[ 2, 4, 3, 1 ]
}

-------
permutations
{
[ 3, 4, 1, 2 ]
}

-------
permutations
{
[ 3, 4, 1, 2 ],
[ 2, 3, 1, 4 ]
}
largest set of permutations
{
[ 1, 2, 3, 4, 5, 6, 7, 8 ],
[ 2, 1, 4, 3, 7, 8, 5, 6 ],
[ 7, 5, 6, 8, 1, 4, 2, 3 ],
[ 5, 7, 8, 6, 2, 3, 1, 4 ]
}
size=4

-------
permutations
{
[ 3, 4, 1, 2 ],
[ 2, 3, 1, 4 ],
[ 3, 1, 2, 4 ]
}
largest set of permutations
{
[ 1, 2, 3, 4, 5, 6, 7, 8 ],
[ 4, 1, 3, 2, 6, 8, 7, 5 ],
[ 7, 5, 6, 8, 1, 4, 2, 3 ],
[ 2, 1, 4, 3, 8, 5, 7, 6 ]
}
size=4

-------
permutations
{
[ 3, 4, 1, 2 ],
[ 2, 3, 1, 4 ],
[ 3, 1, 2, 4 ],
[ 3, 2, 4, 1 ]
}
largest set of permutations
{
[ 1, 2, 3, 4, 5, 6, 7, 8 ],
[ 2, 4, 3, 1, 8, 5, 7, 6 ],
[ 7, 5, 6, 8, 3, 1, 2, 4 ],
[ 6, 5, 8, 7, 3, 2, 4, 1 ],
[ 5, 7, 8, 6, 3, 4, 1, 2 ]
}
size=5

-------
permutations
{
[ 3, 4, 1, 2 ],
[ 2, 3, 1, 4 ],
[ 3, 1, 2, 4 ],
[ 3, 2, 4, 1 ],
[ 1, 2, 3, 4 ]
}
largest set of permutations
{
[ 7, 5, 6, 8, 4, 1, 3, 2 ],
[ 1, 3, 4, 2, 6, 8, 7, 5 ],
[ 1, 2, 3, 4, 5, 6, 7, 8 ],
[ 3, 2, 4, 1, 8, 5, 7, 6 ],
[ 7, 6, 8, 5, 1, 2, 3, 4 ]
}
size=5

-------
permutations
{
[ 3, 4, 1, 2 ],
[ 2, 3, 1, 4 ],
[ 3, 1, 2, 4 ],
[ 3, 2, 4, 1 ],
[ 1, 2, 3, 4 ],
[ 2, 4, 3, 1 ]
}
largest set of permutations
{
[ 1, 2, 3, 4, 5, 6, 7, 8 ],
[ 3, 2, 4, 1, 6, 8, 7, 5 ],
[ 6, 7, 5, 8, 2, 4, 3, 1 ],
[ 5, 7, 8, 6, 2, 3, 1, 4 ],
[ 8, 7, 6, 5, 2, 1, 4, 3 ],
[ 4, 2, 1, 3, 8, 5, 7, 6 ]
}
size=6

=============================================

set for n=4: {
[ 1, 2, 3, 4 ],
[ 3, 2, 4, 1 ],
[ 2, 4, 3, 1 ],
[ 2, 1, 4, 3 ],
[ 2, 3, 1, 4 ],
[ 3, 1, 2, 4 ]
}

-------
permutations
{
[ 1, 2, 3, 4 ]
}
largest set of permutations
{
[ 6, 7, 4, 3, 2, 1, 5, 8 ],
[ 1, 2, 3, 4, 5, 6, 7, 8 ],
[ 4, 3, 2, 1, 7, 8, 5, 6 ]
}
size=3

-------
permutations
{
[ 3, 2, 4, 1 ],
[ 1, 2, 3, 4 ]
}
largest set of permutations
{
[ 1, 2, 3, 4, 5, 6, 7, 8 ],
[ 4, 3, 2, 1, 7, 8, 5, 6 ],
[ 8, 5, 1, 2, 3, 4, 7, 6 ]
}
size=3

-------
permutations
{
[ 3, 2, 4, 1 ],
[ 1, 2, 3, 4 ],
[ 2, 4, 3, 1 ]
}
largest set of permutations
{
[ 1, 2, 3, 4, 5, 6, 7, 8 ],
[ 6, 8, 7, 5, 2, 4, 3, 1 ],
[ 5, 6, 7, 8, 3, 1, 2, 4 ],
[ 4, 3, 2, 1, 8, 5, 7, 6 ]
}
size=4

-------
permutations
{
[ 3, 2, 4, 1 ],
[ 2, 1, 4, 3 ],
[ 1, 2, 3, 4 ],
[ 2, 4, 3, 1 ]
}
largest set of permutations
{
[ 1, 2, 3, 4, 5, 6, 7, 8 ],
[ 8, 6, 5, 7, 3, 1, 2, 4 ],
[ 6, 7, 5, 8, 2, 4, 3, 1 ],
[ 1, 4, 2, 3, 6, 8, 7, 5 ]
}
size=4

-------
permutations
{
[ 2, 3, 1, 4 ],
[ 3, 2, 4, 1 ],
[ 2, 1, 4, 3 ],
[ 1, 2, 3, 4 ],
[ 2, 4, 3, 1 ]
}
largest set of permutations
{
[ 5, 6, 7, 8, 4, 1, 3, 2 ],
[ 1, 2, 3, 4, 5, 6, 7, 8 ],
[ 6, 8, 7, 5, 2, 4, 3, 1 ],
[ 5, 7, 8, 6, 1, 2, 3, 4 ],
[ 4, 1, 3, 2, 8, 5, 7, 6 ]
}
size=5

-------
permutations
{
[ 1, 2, 3, 4 ],
[ 3, 2, 4, 1 ],
[ 2, 4, 3, 1 ],
[ 2, 1, 4, 3 ],
[ 2, 3, 1, 4 ],
[ 3, 1, 2, 4 ]
}
largest set of permutations
{
[ 1, 2, 3, 4, 5, 6, 7, 8 ],
[ 3, 2, 4, 1, 6, 8, 7, 5 ],
[ 6, 7, 5, 8, 2, 4, 3, 1 ],
[ 5, 7, 8, 6, 2, 3, 1, 4 ],
[ 8, 7, 6, 5, 2, 1, 4, 3 ],
[ 4, 2, 1, 3, 8, 5, 7, 6 ]
}
size=6

=============================================

set for n=4: {
[ 3, 1, 2, 4 ],
[ 2, 1, 4, 3 ],
[ 1, 2, 3, 4 ],
[ 2, 4, 3, 1 ],
[ 1, 4, 2, 3 ],
[ 4, 1, 3, 2 ]
}

-------
permutations
{
[ 3, 1, 2, 4 ]
}
largest set of permutations
{
[ 1, 2, 3, 4, 5, 6, 7, 8 ],
[ 6, 7, 5, 8, 1, 4, 2, 3 ],
[ 5, 7, 8, 6, 3, 1, 2, 4 ]
}
size=3

-------
permutations
{
[ 3, 1, 2, 4 ],
[ 2, 1, 4, 3 ]
}
largest set of permutations
{
[ 4, 2, 1, 3, 6, 8, 7, 5 ],
[ 1, 2, 3, 4, 5, 6, 7, 8 ],
[ 6, 7, 5, 8, 1, 4, 2, 3 ]
}
size=3

-------
permutations
{
[ 3, 1, 2, 4 ],
[ 2, 1, 4, 3 ],
[ 1, 2, 3, 4 ]
}
largest set of permutations
{
[ 3, 4, 1, 2, 7, 8, 5, 6 ],
[ 1, 2, 3, 4, 5, 6, 7, 8 ],
[ 6, 5, 8, 7, 4, 3, 2, 1 ],
[ 8, 7, 6, 5, 2, 1, 4, 3 ]
}
size=4

-------
permutations
{
[ 3, 1, 2, 4 ],
[ 2, 1, 4, 3 ],
[ 1, 2, 3, 4 ],
[ 2, 4, 3, 1 ]
}
largest set of permutations
{
[ 1, 2, 3, 4, 5, 6, 7, 8 ],
[ 3, 1, 2, 4, 7, 8, 5, 6 ],
[ 8, 5, 7, 6, 1, 4, 2, 3 ],
[ 6, 5, 8, 7, 1, 3, 4, 2 ]
}
size=4

-------
permutations
{
[ 3, 1, 2, 4 ],
[ 2, 1, 4, 3 ],
[ 1, 2, 3, 4 ],
[ 2, 4, 3, 1 ],
[ 1, 4, 2, 3 ]
}
largest set of permutations
{
[ 1, 2, 3, 4, 5, 6, 7, 8 ],
[ 5, 7, 8, 6, 4, 1, 3, 2 ],
[ 6, 8, 7, 5, 2, 4, 3, 1 ],
[ 4, 3, 2, 1, 8, 5, 7, 6 ]
}
size=4

-------
permutations
{
[ 3, 1, 2, 4 ],
[ 2, 1, 4, 3 ],
[ 1, 2, 3, 4 ],
[ 2, 4, 3, 1 ],
[ 1, 4, 2, 3 ],
[ 4, 1, 3, 2 ]
}
largest set of permutations
{
[ 1, 2, 3, 4, 5, 6, 7, 8 ],
[ 6, 5, 8, 7, 2, 3, 1, 4 ],
[ 3, 4, 1, 2, 5, 7, 8, 6 ],
[ 7, 5, 6, 8, 2, 1, 4, 3 ]
}
size=4

=============================================

set for n=4: {
[ 3, 4, 1, 2 ],
[ 3, 1, 2, 4 ],
[ 1, 2, 3, 4 ],
[ 2, 4, 3, 1 ],
[ 1, 4, 2, 3 ],
[ 4, 1, 3, 2 ]
}

-------
permutations
{
[ 3, 4, 1, 2 ]
}

-------
permutations
{
[ 3, 4, 1, 2 ],
[ 3, 1, 2, 4 ]
}
largest set of permutations
{
[ 1, 2, 3, 4, 5, 6, 7, 8 ],
[ 5, 7, 8, 6, 3, 1, 2, 4 ],
[ 2, 1, 4, 3, 8, 5, 7, 6 ]
}
size=3

-------
permutations
{
[ 3, 4, 1, 2 ],
[ 3, 1, 2, 4 ],
[ 1, 2, 3, 4 ]
}
largest set of permutations
{
[ 1, 2, 3, 4, 5, 6, 7, 8 ],
[ 3, 2, 4, 1, 6, 8, 7, 5 ],
[ 6, 8, 7, 5, 1, 2, 3, 4 ],
[ 7, 8, 5, 6, 4, 1, 3, 2 ]
}
size=4

-------
permutations
{
[ 3, 4, 1, 2 ],
[ 3, 1, 2, 4 ],
[ 1, 2, 3, 4 ],
[ 2, 4, 3, 1 ]
}
largest set of permutations
{
[ 1, 2, 3, 4, 5, 6, 7, 8 ],
[ 1, 4, 2, 3, 5, 7, 8, 6 ],
[ 6, 5, 8, 7, 1, 3, 4, 2 ],
[ 7, 8, 5, 6, 1, 4, 2, 3 ]
}
size=4

-------
permutations
{
[ 3, 4, 1, 2 ],
[ 3, 1, 2, 4 ],
[ 1, 2, 3, 4 ],
[ 2, 4, 3, 1 ],
[ 1, 4, 2, 3 ]
}
largest set of permutations
{
[ 1, 2, 3, 4, 5, 6, 7, 8 ],
[ 6, 7, 5, 8, 3, 4, 1, 2 ],
[ 5, 7, 8, 6, 3, 1, 2, 4 ],
[ 4, 3, 2, 1, 8, 5, 7, 6 ]
}
size=4

-------
permutations
{
[ 3, 4, 1, 2 ],
[ 3, 1, 2, 4 ],
[ 1, 2, 3, 4 ],
[ 2, 4, 3, 1 ],
[ 1, 4, 2, 3 ],
[ 4, 1, 3, 2 ]
}
largest set of permutations
{
[ 1, 3, 4, 2, 6, 8, 7, 5 ],
[ 5, 6, 7, 8, 4, 1, 3, 2 ],
[ 1, 2, 3, 4, 5, 6, 7, 8 ],
[ 6, 7, 5, 8, 4, 2, 1, 3 ]
}
size=4

=============================================

set for n=4: {
[ 3, 1, 2, 4 ],
[ 3, 2, 4, 1 ],
[ 2, 1, 4, 3 ],
[ 1, 2, 3, 4 ],
[ 1, 3, 4, 2 ],
[ 4, 1, 3, 2 ]
}

-------
permutations
{
[ 3, 1, 2, 4 ]
}
largest set of permutations
{
[ 1, 2, 3, 4, 5, 6, 7, 8 ],
[ 6, 7, 5, 8, 1, 4, 2, 3 ],
[ 5, 7, 8, 6, 3, 1, 2, 4 ]
}
size=3

-------
permutations
{
[ 3, 1, 2, 4 ],
[ 3, 2, 4, 1 ]
}
largest set of permutations
{
[ 1, 2, 3, 4, 5, 6, 7, 8 ],
[ 6, 7, 5, 8, 2, 1, 4, 3 ],
[ 6, 5, 8, 7, 3, 2, 4, 1 ]
}
size=3

-------
permutations
{
[ 3, 1, 2, 4 ],
[ 3, 2, 4, 1 ],
[ 2, 1, 4, 3 ]
}
largest set of permutations
{
[ 6, 8, 7, 5, 3, 2, 4, 1 ],
[ 1, 2, 3, 4, 5, 6, 7, 8 ],
[ 6, 7, 5, 8, 3, 1, 2, 4 ],
[ 6, 5, 8, 7, 3, 4, 1, 2 ]
}
size=4

-------
permutations
{
[ 3, 1, 2, 4 ],
[ 3, 2, 4, 1 ],
[ 2, 1, 4, 3 ],
[ 1, 2, 3, 4 ]
}
largest set of permutations
{
[ 1, 2, 3, 4, 5, 6, 7, 8 ],
[ 5, 6, 7, 8, 1, 4, 2, 3 ],
[ 5, 7, 8, 6, 1, 2, 3, 4 ],
[ 4, 2, 1, 3, 8, 5, 7, 6 ]
}
size=4

-------
permutations
{
[ 3, 1, 2, 4 ],
[ 3, 2, 4, 1 ],
[ 2, 1, 4, 3 ],
[ 1, 2, 3, 4 ],
[ 1, 3, 4, 2 ]
}
largest set of permutations
{
[ 5, 7, 8, 6, 1, 3, 4, 2 ],
[ 1, 2, 3, 4, 5, 6, 7, 8 ],
[ 1, 4, 2, 3, 5, 8, 6, 7 ],
[ 5, 6, 7, 8, 1, 4, 2, 3 ],
[ 4, 3, 2, 1, 5, 7, 8, 6 ]
}
size=5

-------
permutations
{
[ 3, 1, 2, 4 ],
[ 3, 2, 4, 1 ],
[ 2, 1, 4, 3 ],
[ 1, 2, 3, 4 ],
[ 1, 3, 4, 2 ],
[ 4, 1, 3, 2 ]
}
largest set of permutations
{
[ 5, 8, 6, 7, 3, 1, 2, 4 ],
[ 1, 2, 3, 4, 5, 6, 7, 8 ],
[ 3, 2, 4, 1, 6, 8, 7, 5 ],
[ 8, 6, 5, 7, 1, 4, 2, 3 ],
[ 6, 5, 8, 7, 4, 3, 2, 1 ],
[ 4, 2, 1, 3, 8, 5, 7, 6 ]
}
size=6

=============================================

set for n=4: {
[ 3, 4, 1, 2 ],
[ 3, 1, 2, 4 ],
[ 3, 2, 4, 1 ],
[ 1, 2, 3, 4 ],
[ 2, 4, 3, 1 ],
[ 4, 1, 3, 2 ]
}

-------
permutations
{
[ 3, 4, 1, 2 ]
}

-------
permutations
{
[ 3, 4, 1, 2 ],
[ 3, 1, 2, 4 ]
}
largest set of permutations
{
[ 1, 2, 3, 4, 5, 6, 7, 8 ],
[ 5, 7, 8, 6, 3, 1, 2, 4 ],
[ 2, 1, 4, 3, 8, 5, 7, 6 ]
}
size=3

-------
permutations
{
[ 3, 4, 1, 2 ],
[ 3, 1, 2, 4 ],
[ 3, 2, 4, 1 ]
}
largest set of permutations
{
[ 1, 2, 3, 4, 5, 6, 7, 8 ],
[ 8, 6, 5, 7, 4, 1, 3, 2 ],
[ 1, 4, 2, 3, 5, 8, 6, 7 ],
[ 1, 3, 4, 2, 5, 7, 8, 6 ]
}
size=4

-------
permutations
{
[ 3, 4, 1, 2 ],
[ 3, 1, 2, 4 ],
[ 3, 2, 4, 1 ],
[ 1, 2, 3, 4 ]
}
largest set of permutations
{
[ 7, 8, 5, 6, 2, 1, 4, 3 ],
[ 1, 2, 3, 4, 5, 6, 7, 8 ],
[ 1, 3, 4, 2, 5, 8, 6, 7 ],
[ 4, 3, 2, 1, 5, 7, 8, 6 ]
}
size=4

-------
permutations
{
[ 3, 4, 1, 2 ],
[ 3, 1, 2, 4 ],
[ 3, 2, 4, 1 ],
[ 1, 2, 3, 4 ],
[ 2, 4, 3, 1 ]
}
largest set of permutations
{
[ 1, 2, 3, 4, 5, 6, 7, 8 ],
[ 6, 7, 5, 8, 3, 4, 1, 2 ],
[ 5, 7, 8, 6, 3, 1, 2, 4 ],
[ 4, 3, 2, 1, 8, 5, 7, 6 ]
}
size=4

-------
permutations
{
[ 3, 4, 1, 2 ],
[ 3, 1, 2, 4 ],
[ 3, 2, 4, 1 ],
[ 1, 2, 3, 4 ],
[ 2, 4, 3, 1 ],
[ 4, 1, 3, 2 ]
}
largest set of permutations
{
[ 1, 2, 3, 4, 5, 6, 7, 8 ],
[ 8, 6, 5, 7, 3, 1, 2, 4 ],
[ 6, 5, 8, 7, 1, 4, 2, 3 ],
[ 4, 1, 3, 2, 7, 8, 5, 6 ]
}
size=4

=============================================

set for n=4: {
[ 4, 2, 1, 3 ],
[ 3, 2, 4, 1 ],
[ 2, 1, 4, 3 ],
[ 1, 2, 3, 4 ],
[ 1, 3, 4, 2 ],
[ 4, 1, 3, 2 ]
}

-------
permutations
{
[ 4, 2, 1, 3 ]
}
largest set of permutations
{
[ 1, 2, 3, 4, 5, 6, 7, 8 ],
[ 3, 1, 2, 4, 5, 7, 8, 6 ],
[ 2, 3, 1, 4, 5, 8, 6, 7 ]
}
size=3

-------
permutations
{
[ 4, 2, 1, 3 ],
[ 3, 2, 4, 1 ]
}
largest set of permutations
{
[ 7, 6, 8, 5, 4, 1, 3, 2 ],
[ 1, 2, 3, 4, 5, 6, 7, 8 ],
[ 6, 8, 7, 5, 4, 2, 1, 3 ]
}
size=3

-------
permutations
{
[ 4, 2, 1, 3 ],
[ 3, 2, 4, 1 ],
[ 2, 1, 4, 3 ]
}
largest set of permutations
{
[ 6, 8, 7, 5, 3, 2, 4, 1 ],
[ 1, 2, 3, 4, 5, 6, 7, 8 ],
[ 8, 6, 5, 7, 4, 1, 3, 2 ],
[ 2, 1, 4, 3, 7, 8, 5, 6 ]
}
size=4

-------
permutations
{
[ 4, 2, 1, 3 ],
[ 3, 2, 4, 1 ],
[ 2, 1, 4, 3 ],
[ 1, 2, 3, 4 ]
}
largest set of permutations
{
[ 3, 4, 1, 2, 7, 8, 5, 6 ],
[ 1, 2, 3, 4, 5, 6, 7, 8 ],
[ 6, 5, 8, 7, 4, 3, 2, 1 ],
[ 8, 7, 6, 5, 2, 1, 4, 3 ]
}
size=4

-------
permutations
{
[ 4, 2, 1, 3 ],
[ 3, 2, 4, 1 ],
[ 2, 1, 4, 3 ],
[ 1, 2, 3, 4 ],
[ 1, 3, 4, 2 ]
}
largest set of permutations
{
[ 1, 2, 3, 4, 5, 6, 7, 8 ],
[ 8, 6, 5, 7, 4, 2, 1, 3 ],
[ 5, 8, 6, 7, 4, 1, 3, 2 ],
[ 6, 5, 8, 7, 4, 3, 2, 1 ],
[ 2, 3, 1, 4, 8, 5, 7, 6 ],
[ 3, 1, 2, 4, 6, 8, 7, 5 ]
}
size=6

-------
permutations
{
[ 4, 2, 1, 3 ],
[ 3, 2, 4, 1 ],
[ 2, 1, 4, 3 ],
[ 1, 2, 3, 4 ],
[ 1, 3, 4, 2 ],
[ 4, 1, 3, 2 ]
}
largest set of permutations
{
[ 6, 8, 7, 5, 3, 2, 4, 1 ],
[ 1, 2, 3, 4, 5, 6, 7, 8 ],
[ 7, 6, 8, 5, 1, 3, 4, 2 ],
[ 3, 1, 2, 4, 5, 8, 6, 7 ],
[ 2, 3, 1, 4, 5, 7, 8, 6 ],
[ 8, 7, 6, 5, 2, 1, 4, 3 ]
}
size=6

=============================================

set for n=4: {
[ 3, 4, 1, 2 ],
[ 2, 3, 1, 4 ],
[ 3, 1, 2, 4 ],
[ 1, 2, 3, 4 ],
[ 2, 4, 3, 1 ],
[ 1, 4, 2, 3 ]
}

-------
permutations
{
[ 3, 4, 1, 2 ]
}

-------
permutations
{
[ 3, 4, 1, 2 ],
[ 2, 3, 1, 4 ]
}
largest set of permutations
{
[ 1, 2, 3, 4, 5, 6, 7, 8 ],
[ 2, 1, 4, 3, 7, 8, 5, 6 ],
[ 7, 5, 6, 8, 1, 4, 2, 3 ],
[ 5, 7, 8, 6, 2, 3, 1, 4 ]
}
size=4

-------
permutations
{
[ 3, 4, 1, 2 ],
[ 2, 3, 1, 4 ],
[ 3, 1, 2, 4 ]
}
largest set of permutations
{
[ 1, 2, 3, 4, 5, 6, 7, 8 ],
[ 4, 1, 3, 2, 6, 8, 7, 5 ],
[ 7, 5, 6, 8, 1, 4, 2, 3 ],
[ 2, 1, 4, 3, 8, 5, 7, 6 ]
}
size=4

-------
permutations
{
[ 3, 4, 1, 2 ],
[ 2, 3, 1, 4 ],
[ 3, 1, 2, 4 ],
[ 1, 2, 3, 4 ]
}
largest set of permutations
{
[ 4, 2, 1, 3, 6, 8, 7, 5 ],
[ 1, 2, 3, 4, 5, 6, 7, 8 ],
[ 2, 4, 3, 1, 8, 5, 7, 6 ],
[ 7, 8, 5, 6, 1, 4, 2, 3 ]
}
size=4

-------
permutations
{
[ 3, 4, 1, 2 ],
[ 2, 3, 1, 4 ],
[ 3, 1, 2, 4 ],
[ 1, 2, 3, 4 ],
[ 2, 4, 3, 1 ]
}
largest set of permutations
{
[ 3, 2, 4, 1, 5, 7, 8, 6 ],
[ 1, 2, 3, 4, 5, 6, 7, 8 ],
[ 8, 5, 7, 6, 3, 1, 2, 4 ],
[ 7, 5, 6, 8, 1, 4, 2, 3 ],
[ 6, 5, 8, 7, 4, 3, 2, 1 ],
[ 4, 2, 1, 3, 5, 8, 6, 7 ]
}
size=6

-------
permutations
{
[ 3, 4, 1, 2 ],
[ 2, 3, 1, 4 ],
[ 3, 1, 2, 4 ],
[ 1, 2, 3, 4 ],
[ 2, 4, 3, 1 ],
[ 1, 4, 2, 3 ]
}
largest set of permutations
{
[ 1, 2, 3, 4, 5, 6, 7, 8 ],
[ 3, 2, 4, 1, 6, 8, 7, 5 ],
[ 6, 7, 5, 8, 2, 4, 3, 1 ],
[ 5, 7, 8, 6, 2, 3, 1, 4 ],
[ 8, 7, 6, 5, 2, 1, 4, 3 ],
[ 4, 2, 1, 3, 8, 5, 7, 6 ]
}
size=6

=============================================

set for n=4: {
[ 4, 2, 1, 3 ],
[ 3, 4, 1, 2 ],
[ 2, 3, 1, 4 ],
[ 1, 2, 3, 4 ],
[ 1, 3, 4, 2 ],
[ 1, 4, 2, 3 ]
}

-------
permutations
{
[ 4, 2, 1, 3 ]
}
largest set of permutations
{
[ 1, 2, 3, 4, 5, 6, 7, 8 ],
[ 3, 1, 2, 4, 5, 7, 8, 6 ],
[ 2, 3, 1, 4, 5, 8, 6, 7 ]
}
size=3

-------
permutations
{
[ 4, 2, 1, 3 ],
[ 3, 4, 1, 2 ]
}
largest set of permutations
{
[ 1, 2, 3, 4, 5, 6, 7, 8 ],
[ 7, 6, 8, 5, 4, 2, 1, 3 ],
[ 6, 8, 7, 5, 3, 4, 1, 2 ]
}
size=3

-------
permutations
{
[ 4, 2, 1, 3 ],
[ 3, 4, 1, 2 ],
[ 2, 3, 1, 4 ]
}
largest set of permutations
{
[ 2, 4, 3, 1, 8, 5, 7, 6 ],
[ 1, 2, 3, 4, 5, 6, 7, 8 ],
[ 4, 1, 3, 2, 6, 8, 7, 5 ],
[ 7, 6, 8, 5, 4, 2, 1, 3 ]
}
size=4

-------
permutations
{
[ 4, 2, 1, 3 ],
[ 3, 4, 1, 2 ],
[ 2, 3, 1, 4 ],
[ 1, 2, 3, 4 ]
}
largest set of permutations
{
[ 1, 2, 3, 4, 5, 6, 7, 8 ],
[ 5, 7, 8, 6, 2, 3, 1, 4 ],
[ 7, 6, 8, 5, 3, 4, 1, 2 ],
[ 6, 8, 7, 5, 4, 2, 1, 3 ]
}
size=4

-------
permutations
{
[ 4, 2, 1, 3 ],
[ 3, 4, 1, 2 ],
[ 2, 3, 1, 4 ],
[ 1, 2, 3, 4 ],
[ 1, 3, 4, 2 ]
}
largest set of permutations
{
[ 1, 2, 3, 4, 5, 6, 7, 8 ],
[ 6, 8, 7, 5, 2, 3, 1, 4 ],
[ 8, 7, 6, 5, 2, 1, 4, 3 ],
[ 2, 1, 4, 3, 5, 8, 6, 7 ]
}
size=4

-------
permutations
{
[ 4, 2, 1, 3 ],
[ 3, 4, 1, 2 ],
[ 2, 3, 1, 4 ],
[ 1, 2, 3, 4 ],
[ 1, 3, 4, 2 ],
[ 1, 4, 2, 3 ]
}
largest set of permutations
{
[ 1, 2, 3, 4, 5, 6, 7, 8 ],
[ 5, 7, 8, 6, 3, 1, 2, 4 ],
[ 7, 5, 6, 8, 1, 4, 2, 3 ],
[ 1, 4, 2, 3, 7, 8, 5, 6 ]
}
size=4

=============================================

set for n=4: {
[ 3, 4, 1, 2 ],
[ 3, 1, 2, 4 ],
[ 1, 2, 3, 4 ],
[ 1, 3, 4, 2 ],
[ 1, 4, 2, 3 ],
[ 4, 1, 3, 2 ]
}

-------
permutations
{
[ 3, 4, 1, 2 ]
}

-------
permutations
{
[ 3, 4, 1, 2 ],
[ 3, 1, 2, 4 ]
}
largest set of permutations
{
[ 1, 2, 3, 4, 5, 6, 7, 8 ],
[ 5, 7, 8, 6, 3, 1, 2, 4 ],
[ 2, 1, 4, 3, 8, 5, 7, 6 ]
}
size=3

-------
permutations
{
[ 3, 4, 1, 2 ],
[ 3, 1, 2, 4 ],
[ 1, 2, 3, 4 ]
}
largest set of permutations
{
[ 1, 2, 3, 4, 5, 6, 7, 8 ],
[ 3, 2, 4, 1, 6, 8, 7, 5 ],
[ 6, 8, 7, 5, 1, 2, 3, 4 ],
[ 7, 8, 5, 6, 4, 1, 3, 2 ]
}
size=4

-------
permutations
{
[ 3, 4, 1, 2 ],
[ 3, 1, 2, 4 ],
[ 1, 2, 3, 4 ],
[ 1, 3, 4, 2 ]
}
largest set of permutations
{
[ 5, 8, 6, 7, 2, 1, 4, 3 ],
[ 7, 6, 8, 5, 1, 3, 4, 2 ],
[ 1, 2, 3, 4, 5, 6, 7, 8 ],
[ 4, 3, 2, 1, 8, 5, 7, 6 ]
}
size=4

-------
permutations
{
[ 3, 4, 1, 2 ],
[ 3, 1, 2, 4 ],
[ 1, 2, 3, 4 ],
[ 1, 3, 4, 2 ],
[ 1, 4, 2, 3 ]
}
largest set of permutations
{
[ 1, 2, 3, 4, 5, 6, 7, 8 ],
[ 4, 1, 3, 2, 6, 8, 7, 5 ],
[ 8, 7, 6, 5, 2, 1, 4, 3 ],
[ 2, 1, 4, 3, 8, 5, 7, 6 ]
}
size=4

-------
permutations
{
[ 3, 4, 1, 2 ],
[ 3, 1, 2, 4 ],
[ 1, 2, 3, 4 ],
[ 1, 3, 4, 2 ],
[ 1, 4, 2, 3 ],
[ 4, 1, 3, 2 ]
}
largest set of permutations
{
[ 3, 2, 4, 1, 5, 7, 8, 6 ],
[ 1, 2, 3, 4, 5, 6, 7, 8 ],
[ 4, 3, 2, 1, 5, 8, 6, 7 ],
[ 7, 6, 8, 5, 3, 4, 1, 2 ]
}
size=4

=============================================

set for n=4: {
[ 4, 2, 1, 3 ],
[ 3, 4, 1, 2 ],
[ 1, 2, 3, 4 ],
[ 2, 4, 3, 1 ],
[ 1, 4, 2, 3 ],
[ 4, 1, 3, 2 ]
}

-------
permutations
{
[ 4, 2, 1, 3 ]
}
largest set of permutations
{
[ 1, 2, 3, 4, 5, 6, 7, 8 ],
[ 3, 1, 2, 4, 5, 7, 8, 6 ],
[ 2, 3, 1, 4, 5, 8, 6, 7 ]
}
size=3

-------
permutations
{
[ 4, 2, 1, 3 ],
[ 3, 4, 1, 2 ]
}
largest set of permutations
{
[ 1, 2, 3, 4, 5, 6, 7, 8 ],
[ 7, 6, 8, 5, 4, 2, 1, 3 ],
[ 6, 8, 7, 5, 3, 4, 1, 2 ]
}
size=3

-------
permutations
{
[ 4, 2, 1, 3 ],
[ 3, 4, 1, 2 ],
[ 1, 2, 3, 4 ]
}
largest set of permutations
{
[ 1, 2, 3, 4, 5, 6, 7, 8 ],
[ 3, 1, 2, 4, 5, 8, 6, 7 ],
[ 6, 7, 5, 8, 3, 4, 1, 2 ],
[ 5, 6, 7, 8, 3, 1, 2, 4 ]
}
size=4

-------
permutations
{
[ 4, 2, 1, 3 ],
[ 3, 4, 1, 2 ],
[ 1, 2, 3, 4 ],
[ 2, 4, 3, 1 ]
}
largest set of permutations
{
[ 1, 2, 3, 4, 5, 6, 7, 8 ],
[ 1, 4, 2, 3, 5, 7, 8, 6 ],
[ 6, 5, 8, 7, 1, 3, 4, 2 ],
[ 7, 8, 5, 6, 1, 4, 2, 3 ]
}
size=4

-------
permutations
{
[ 4, 2, 1, 3 ],
[ 3, 4, 1, 2 ],
[ 1, 2, 3, 4 ],
[ 2, 4, 3, 1 ],
[ 1, 4, 2, 3 ]
}
largest set of permutations
{
[ 1, 2, 3, 4, 5, 6, 7, 8 ],
[ 6, 7, 5, 8, 3, 4, 1, 2 ],
[ 5, 7, 8, 6, 3, 1, 2, 4 ],
[ 4, 3, 2, 1, 8, 5, 7, 6 ]
}
size=4

-------
permutations
{
[ 4, 2, 1, 3 ],
[ 3, 4, 1, 2 ],
[ 1, 2, 3, 4 ],
[ 2, 4, 3, 1 ],
[ 1, 4, 2, 3 ],
[ 4, 1, 3, 2 ]
}
largest set of permutations
{
[ 1, 3, 4, 2, 6, 8, 7, 5 ],
[ 5, 6, 7, 8, 4, 1, 3, 2 ],
[ 1, 2, 3, 4, 5, 6, 7, 8 ],
[ 6, 7, 5, 8, 4, 2, 1, 3 ]
}
size=4

=============================================

set for n=4: {
[ 4, 2, 1, 3 ],
[ 3, 4, 1, 2 ],
[ 3, 2, 4, 1 ],
[ 1, 2, 3, 4 ],
[ 2, 4, 3, 1 ],
[ 4, 1, 3, 2 ]
}

-------
permutations
{
[ 4, 2, 1, 3 ]
}
largest set of permutations
{
[ 1, 2, 3, 4, 5, 6, 7, 8 ],
[ 3, 1, 2, 4, 5, 7, 8, 6 ],
[ 2, 3, 1, 4, 5, 8, 6, 7 ]
}
size=3

-------
permutations
{
[ 4, 2, 1, 3 ],
[ 3, 4, 1, 2 ]
}
largest set of permutations
{
[ 1, 2, 3, 4, 5, 6, 7, 8 ],
[ 7, 6, 8, 5, 4, 2, 1, 3 ],
[ 6, 8, 7, 5, 3, 4, 1, 2 ]
}
size=3

-------
permutations
{
[ 4, 2, 1, 3 ],
[ 3, 4, 1, 2 ],
[ 3, 2, 4, 1 ]
}
largest set of permutations
{
[ 6, 5, 8, 7, 3, 1, 2, 4 ],
[ 1, 2, 3, 4, 5, 6, 7, 8 ],
[ 6, 7, 5, 8, 3, 2, 4, 1 ],
[ 6, 8, 7, 5, 3, 4, 1, 2 ]
}
size=4

-------
permutations
{
[ 4, 2, 1, 3 ],
[ 3, 4, 1, 2 ],
[ 3, 2, 4, 1 ],
[ 1, 2, 3, 4 ]
}
largest set of permutations
{
[ 3, 1, 2, 4, 8, 5, 7, 6 ],
[ 1, 2, 3, 4, 5, 6, 7, 8 ],
[ 5, 6, 7, 8, 2, 1, 4, 3 ],
[ 6, 5, 8, 7, 4, 3, 2, 1 ]
}
size=4

-------
permutations
{
[ 4, 2, 1, 3 ],
[ 3, 4, 1, 2 ],
[ 3, 2, 4, 1 ],
[ 1, 2, 3, 4 ],
[ 2, 4, 3, 1 ]
}
largest set of permutations
{
[ 1, 2, 3, 4, 5, 6, 7, 8 ],
[ 7, 8, 5, 6, 3, 1, 2, 4 ],
[ 3, 1, 2, 4, 5, 7, 8, 6 ],
[ 5, 7, 8, 6, 3, 4, 1, 2 ]
}
size=4

-------
permutations
{
[ 4, 2, 1, 3 ],
[ 3, 4, 1, 2 ],
[ 3, 2, 4, 1 ],
[ 1, 2, 3, 4 ],
[ 2, 4, 3, 1 ],
[ 4, 1, 3, 2 ]
}
largest set of permutations
{
[ 1, 2, 3, 4, 5, 6, 7, 8 ],
[ 6, 7, 5, 8, 2, 1, 4, 3 ],
[ 1, 4, 2, 3, 5, 7, 8, 6 ],
[ 7, 6, 8, 5, 2, 4, 3, 1 ]
}
size=4

=============================================

set for n=4: {
[ 3, 4, 1, 2 ],
[ 3, 1, 2, 4 ],
[ 3, 2, 4, 1 ],
[ 1, 2, 3, 4 ],
[ 1, 3, 4, 2 ],
[ 4, 1, 3, 2 ]
}

-------
permutations
{
[ 3, 4, 1, 2 ]
}

-------
permutations
{
[ 3, 4, 1, 2 ],
[ 3, 1, 2, 4 ]
}
largest set of permutations
{
[ 1, 2, 3, 4, 5, 6, 7, 8 ],
[ 5, 7, 8, 6, 3, 1, 2, 4 ],
[ 2, 1, 4, 3, 8, 5, 7, 6 ]
}
size=3

-------
permutations
{
[ 3, 4, 1, 2 ],
[ 3, 1, 2, 4 ],
[ 3, 2, 4, 1 ]
}
largest set of permutations
{
[ 1, 2, 3, 4, 5, 6, 7, 8 ],
[ 8, 6, 5, 7, 4, 1, 3, 2 ],
[ 1, 4, 2, 3, 5, 8, 6, 7 ],
[ 1, 3, 4, 2, 5, 7, 8, 6 ]
}
size=4

-------
permutations
{
[ 3, 4, 1, 2 ],
[ 3, 1, 2, 4 ],
[ 3, 2, 4, 1 ],
[ 1, 2, 3, 4 ]
}
largest set of permutations
{
[ 7, 8, 5, 6, 2, 1, 4, 3 ],
[ 1, 2, 3, 4, 5, 6, 7, 8 ],
[ 1, 3, 4, 2, 5, 8, 6, 7 ],
[ 4, 3, 2, 1, 5, 7, 8, 6 ]
}
size=4

-------
permutations
{
[ 3, 4, 1, 2 ],
[ 3, 1, 2, 4 ],
[ 3, 2, 4, 1 ],
[ 1, 2, 3, 4 ],
[ 1, 3, 4, 2 ]
}
largest set of permutations
{
[ 1, 2, 3, 4, 5, 6, 7, 8 ],
[ 3, 2, 4, 1, 6, 8, 7, 5 ],
[ 7, 8, 5, 6, 4, 2, 1, 3 ],
[ 6, 7, 5, 8, 4, 1, 3, 2 ],
[ 6, 5, 8, 7, 4, 3, 2, 1 ]
}
size=5

-------
permutations
{
[ 3, 4, 1, 2 ],
[ 3, 1, 2, 4 ],
[ 3, 2, 4, 1 ],
[ 1, 2, 3, 4 ],
[ 1, 3, 4, 2 ],
[ 4, 1, 3, 2 ]
}
largest set of permutations
{
[ 5, 8, 6, 7, 3, 1, 2, 4 ],
[ 1, 2, 3, 4, 5, 6, 7, 8 ],
[ 3, 2, 4, 1, 6, 8, 7, 5 ],
[ 8, 6, 5, 7, 1, 4, 2, 3 ],
[ 6, 5, 8, 7, 4, 3, 2, 1 ],
[ 4, 2, 1, 3, 8, 5, 7, 6 ]
}
size=6

=============================================

set for n=4: {
[ 2, 3, 1, 4 ],
[ 3, 1, 2, 4 ],
[ 2, 1, 4, 3 ],
[ 1, 2, 3, 4 ],
[ 2, 4, 3, 1 ],
[ 1, 4, 2, 3 ]
}

-------
permutations
{
[ 2, 3, 1, 4 ]
}

-------
permutations
{
[ 2, 3, 1, 4 ],
[ 3, 1, 2, 4 ]
}
largest set of permutations
{
[ 1, 2, 3, 4, 5, 6, 7, 8 ],
[ 3, 1, 2, 4, 7, 8, 5, 6 ],
[ 5, 7, 8, 6, 2, 3, 1, 4 ]
}
size=3

-------
permutations
{
[ 2, 3, 1, 4 ],
[ 3, 1, 2, 4 ],
[ 2, 1, 4, 3 ]
}
largest set of permutations
{
[ 1, 2, 3, 4, 5, 6, 7, 8 ],
[ 2, 1, 4, 3, 7, 8, 5, 6 ],
[ 7, 5, 6, 8, 1, 4, 2, 3 ],
[ 5, 7, 8, 6, 2, 3, 1, 4 ]
}
size=4

-------
permutations
{
[ 2, 3, 1, 4 ],
[ 3, 1, 2, 4 ],
[ 2, 1, 4, 3 ],
[ 1, 2, 3, 4 ]
}
largest set of permutations
{
[ 3, 4, 1, 2, 7, 8, 5, 6 ],
[ 7, 5, 6, 8, 4, 1, 3, 2 ],
[ 1, 2, 3, 4, 5, 6, 7, 8 ],
[ 6, 5, 8, 7, 4, 3, 2, 1 ]
}
size=4

-------
permutations
{
[ 2, 3, 1, 4 ],
[ 3, 1, 2, 4 ],
[ 2, 1, 4, 3 ],
[ 1, 2, 3, 4 ],
[ 2, 4, 3, 1 ]
}
largest set of permutations
{
[ 1, 2, 3, 4, 5, 6, 7, 8 ],
[ 3, 2, 4, 1, 6, 8, 7, 5 ],
[ 6, 7, 5, 8, 2, 4, 3, 1 ],
[ 8, 7, 6, 5, 2, 1, 4, 3 ],
[ 5, 7, 8, 6, 2, 3, 1, 4 ],
[ 4, 2, 1, 3, 8, 5, 7, 6 ]
}
size=6

-------
permutations
{
[ 2, 3, 1, 4 ],
[ 3, 1, 2, 4 ],
[ 2, 1, 4, 3 ],
[ 1, 2, 3, 4 ],
[ 2, 4, 3, 1 ],
[ 1, 4, 2, 3 ]
}
largest set of permutations
{
[ 3, 2, 4, 1, 5, 7, 8, 6 ],
[ 1, 2, 3, 4, 5, 6, 7, 8 ],
[ 8, 5, 7, 6, 3, 1, 2, 4 ],
[ 6, 5, 8, 7, 4, 3, 2, 1 ],
[ 7, 5, 6, 8, 1, 4, 2, 3 ],
[ 4, 2, 1, 3, 5, 8, 6, 7 ]
}
size=6

=============================================

set for n=4: {
[ 4, 2, 1, 3 ],
[ 3, 4, 1, 2 ],
[ 2, 3, 1, 4 ],
[ 1, 2, 3, 4 ],
[ 2, 4, 3, 1 ],
[ 1, 4, 2, 3 ]
}

-------
permutations
{
[ 4, 2, 1, 3 ]
}
largest set of permutations
{
[ 1, 2, 3, 4, 5, 6, 7, 8 ],
[ 3, 1, 2, 4, 5, 7, 8, 6 ],
[ 2, 3, 1, 4, 5, 8, 6, 7 ]
}
size=3

-------
permutations
{
[ 4, 2, 1, 3 ],
[ 3, 4, 1, 2 ]
}
largest set of permutations
{
[ 1, 2, 3, 4, 5, 6, 7, 8 ],
[ 7, 6, 8, 5, 4, 2, 1, 3 ],
[ 6, 8, 7, 5, 3, 4, 1, 2 ]
}
size=3

-------
permutations
{
[ 4, 2, 1, 3 ],
[ 3, 4, 1, 2 ],
[ 2, 3, 1, 4 ]
}
largest set of permutations
{
[ 2, 4, 3, 1, 8, 5, 7, 6 ],
[ 1, 2, 3, 4, 5, 6, 7, 8 ],
[ 4, 1, 3, 2, 6, 8, 7, 5 ],
[ 7, 6, 8, 5, 4, 2, 1, 3 ]
}
size=4

-------
permutations
{
[ 4, 2, 1, 3 ],
[ 3, 4, 1, 2 ],
[ 2, 3, 1, 4 ],
[ 1, 2, 3, 4 ]
}
largest set of permutations
{
[ 1, 2, 3, 4, 5, 6, 7, 8 ],
[ 5, 7, 8, 6, 2, 3, 1, 4 ],
[ 7, 6, 8, 5, 3, 4, 1, 2 ],
[ 6, 8, 7, 5, 4, 2, 1, 3 ]
}
size=4

-------
permutations
{
[ 4, 2, 1, 3 ],
[ 3, 4, 1, 2 ],
[ 2, 3, 1, 4 ],
[ 1, 2, 3, 4 ],
[ 2, 4, 3, 1 ]
}
largest set of permutations
{
[ 1, 2, 3, 4, 5, 6, 7, 8 ],
[ 8, 5, 7, 6, 4, 2, 1, 3 ],
[ 6, 7, 5, 8, 2, 3, 1, 4 ],
[ 1, 3, 4, 2, 5, 8, 6, 7 ],
[ 6, 8, 7, 5, 3, 4, 1, 2 ]
}
size=5

-------
permutations
{
[ 4, 2, 1, 3 ],
[ 3, 4, 1, 2 ],
[ 2, 3, 1, 4 ],
[ 1, 2, 3, 4 ],
[ 2, 4, 3, 1 ],
[ 1, 4, 2, 3 ]
}
largest set of permutations
{
[ 1, 2, 3, 4, 5, 6, 7, 8 ],
[ 3, 2, 4, 1, 5, 8, 6, 7 ],
[ 6, 8, 7, 5, 2, 4, 3, 1 ],
[ 7, 6, 8, 5, 2, 3, 1, 4 ],
[ 4, 2, 1, 3, 5, 7, 8, 6 ],
[ 8, 7, 6, 5, 2, 1, 4, 3 ]
}
size=6

=============================================

set for n=4: {
[ 2, 3, 1, 4 ],
[ 3, 1, 2, 4 ],
[ 2, 1, 4, 3 ],
[ 1, 2, 3, 4 ],
[ 1, 3, 4, 2 ],
[ 1, 4, 2, 3 ]
}

-------
permutations
{
[ 2, 3, 1, 4 ]
}

-------
permutations
{
[ 2, 3, 1, 4 ],
[ 3, 1, 2, 4 ]
}
largest set of permutations
{
[ 1, 2, 3, 4, 5, 6, 7, 8 ],
[ 3, 1, 2, 4, 7, 8, 5, 6 ],
[ 5, 7, 8, 6, 2, 3, 1, 4 ]
}
size=3

-------
permutations
{
[ 2, 3, 1, 4 ],
[ 3, 1, 2, 4 ],
[ 2, 1, 4, 3 ]
}
largest set of permutations
{
[ 1, 2, 3, 4, 5, 6, 7, 8 ],
[ 2, 1, 4, 3, 7, 8, 5, 6 ],
[ 7, 5, 6, 8, 1, 4, 2, 3 ],
[ 5, 7, 8, 6, 2, 3, 1, 4 ]
}
size=4

-------
permutations
{
[ 2, 3, 1, 4 ],
[ 3, 1, 2, 4 ],
[ 2, 1, 4, 3 ],
[ 1, 2, 3, 4 ]
}
largest set of permutations
{
[ 3, 4, 1, 2, 7, 8, 5, 6 ],
[ 7, 5, 6, 8, 4, 1, 3, 2 ],
[ 1, 2, 3, 4, 5, 6, 7, 8 ],
[ 6, 5, 8, 7, 4, 3, 2, 1 ]
}
size=4

-------
permutations
{
[ 2, 3, 1, 4 ],
[ 3, 1, 2, 4 ],
[ 2, 1, 4, 3 ],
[ 1, 2, 3, 4 ],
[ 1, 3, 4, 2 ]
}
largest set of permutations
{
[ 1, 2, 3, 4, 5, 6, 7, 8 ],
[ 3, 2, 4, 1, 5, 8, 6, 7 ],
[ 4, 1, 3, 2, 5, 7, 8, 6 ],
[ 8, 5, 7, 6, 2, 1, 4, 3 ]
}
size=4

-------
permutations
{
[ 2, 3, 1, 4 ],
[ 3, 1, 2, 4 ],
[ 2, 1, 4, 3 ],
[ 1, 2, 3, 4 ],
[ 1, 3, 4, 2 ],
[ 1, 4, 2, 3 ]
}
largest set of permutations
{
[ 7, 5, 6, 8, 4, 1, 3, 2 ],
[ 1, 2, 3, 4, 5, 6, 7, 8 ],
[ 5, 8, 6, 7, 4, 2, 1, 3 ],
[ 4, 1, 3, 2, 8, 5, 7, 6 ]
}
size=4

=============================================

set for n=4: {
[ 4, 2, 1, 3 ],
[ 3, 2, 4, 1 ],
[ 2, 1, 4, 3 ],
[ 1, 2, 3, 4 ],
[ 2, 4, 3, 1 ],
[ 4, 1, 3, 2 ]
}

-------
permutations
{
[ 4, 2, 1, 3 ]
}
largest set of permutations
{
[ 1, 2, 3, 4, 5, 6, 7, 8 ],
[ 3, 1, 2, 4, 5, 7, 8, 6 ],
[ 2, 3, 1, 4, 5, 8, 6, 7 ]
}
size=3

-------
permutations
{
[ 4, 2, 1, 3 ],
[ 3, 2, 4, 1 ]
}
largest set of permutations
{
[ 7, 6, 8, 5, 4, 1, 3, 2 ],
[ 1, 2, 3, 4, 5, 6, 7, 8 ],
[ 6, 8, 7, 5, 4, 2, 1, 3 ]
}
size=3

-------
permutations
{
[ 4, 2, 1, 3 ],
[ 3, 2, 4, 1 ],
[ 2, 1, 4, 3 ]
}
largest set of permutations
{
[ 6, 8, 7, 5, 3, 2, 4, 1 ],
[ 1, 2, 3, 4, 5, 6, 7, 8 ],
[ 8, 6, 5, 7, 4, 1, 3, 2 ],
[ 2, 1, 4, 3, 7, 8, 5, 6 ]
}
size=4

-------
permutations
{
[ 4, 2, 1, 3 ],
[ 3, 2, 4, 1 ],
[ 2, 1, 4, 3 ],
[ 1, 2, 3, 4 ]
}
largest set of permutations
{
[ 3, 4, 1, 2, 7, 8, 5, 6 ],
[ 1, 2, 3, 4, 5, 6, 7, 8 ],
[ 6, 5, 8, 7, 4, 3, 2, 1 ],
[ 8, 7, 6, 5, 2, 1, 4, 3 ]
}
size=4

-------
permutations
{
[ 4, 2, 1, 3 ],
[ 3, 2, 4, 1 ],
[ 2, 1, 4, 3 ],
[ 1, 2, 3, 4 ],
[ 2, 4, 3, 1 ]
}
largest set of permutations
{
[ 3, 1, 2, 4, 8, 5, 7, 6 ],
[ 1, 2, 3, 4, 5, 6, 7, 8 ],
[ 5, 6, 7, 8, 2, 1, 4, 3 ],
[ 6, 5, 8, 7, 4, 3, 2, 1 ]
}
size=4

-------
permutations
{
[ 4, 2, 1, 3 ],
[ 3, 2, 4, 1 ],
[ 2, 1, 4, 3 ],
[ 1, 2, 3, 4 ],
[ 2, 4, 3, 1 ],
[ 4, 1, 3, 2 ]
}
largest set of permutations
{
[ 1, 2, 3, 4, 5, 6, 7, 8 ],
[ 7, 6, 8, 5, 3, 2, 4, 1 ],
[ 8, 5, 7, 6, 3, 1, 2, 4 ],
[ 1, 3, 4, 2, 5, 7, 8, 6 ]
}
size=4

=============================================

set for n=4: {
[ 3, 1, 2, 4 ],
[ 3, 2, 4, 1 ],
[ 2, 1, 4, 3 ],
[ 1, 2, 3, 4 ],
[ 2, 4, 3, 1 ],
[ 4, 1, 3, 2 ]
}

-------
permutations
{
[ 3, 1, 2, 4 ]
}
largest set of permutations
{
[ 1, 2, 3, 4, 5, 6, 7, 8 ],
[ 6, 7, 5, 8, 1, 4, 2, 3 ],
[ 5, 7, 8, 6, 3, 1, 2, 4 ]
}
size=3

-------
permutations
{
[ 3, 1, 2, 4 ],
[ 3, 2, 4, 1 ]
}
largest set of permutations
{
[ 1, 2, 3, 4, 5, 6, 7, 8 ],
[ 6, 7, 5, 8, 2, 1, 4, 3 ],
[ 6, 5, 8, 7, 3, 2, 4, 1 ]
}
size=3

-------
permutations
{
[ 3, 1, 2, 4 ],
[ 3, 2, 4, 1 ],
[ 2, 1, 4, 3 ]
}
largest set of permutations
{
[ 6, 8, 7, 5, 3, 2, 4, 1 ],
[ 1, 2, 3, 4, 5, 6, 7, 8 ],
[ 6, 7, 5, 8, 3, 1, 2, 4 ],
[ 6, 5, 8, 7, 3, 4, 1, 2 ]
}
size=4

-------
permutations
{
[ 3, 1, 2, 4 ],
[ 3, 2, 4, 1 ],
[ 2, 1, 4, 3 ],
[ 1, 2, 3, 4 ]
}
largest set of permutations
{
[ 1, 2, 3, 4, 5, 6, 7, 8 ],
[ 5, 6, 7, 8, 1, 4, 2, 3 ],
[ 5, 7, 8, 6, 1, 2, 3, 4 ],
[ 4, 2, 1, 3, 8, 5, 7, 6 ]
}
size=4

-------
permutations
{
[ 3, 1, 2, 4 ],
[ 3, 2, 4, 1 ],
[ 2, 1, 4, 3 ],
[ 1, 2, 3, 4 ],
[ 2, 4, 3, 1 ]
}
largest set of permutations
{
[ 1, 2, 3, 4, 5, 6, 7, 8 ],
[ 3, 2, 4, 1, 6, 8, 7, 5 ],
[ 8, 6, 5, 7, 1, 4, 2, 3 ],
[ 5, 6, 7, 8, 3, 1, 2, 4 ]
}
size=4

-------
permutations
{
[ 3, 1, 2, 4 ],
[ 3, 2, 4, 1 ],
[ 2, 1, 4, 3 ],
[ 1, 2, 3, 4 ],
[ 2, 4, 3, 1 ],
[ 4, 1, 3, 2 ]
}
largest set of permutations
{
[ 1, 2, 3, 4, 5, 6, 7, 8 ],
[ 6, 7, 5, 8, 3, 2, 4, 1 ],
[ 3, 4, 1, 2, 5, 7, 8, 6 ],
[ 7, 5, 6, 8, 2, 1, 4, 3 ],
[ 6, 5, 8, 7, 1, 3, 4, 2 ]
}
size=5
