
=============================================

n=8
Test 1: size=9
[ 3, 7, 2, 0, 5, 1, 6, 4 ]
[ 4, 5, 7, 6, 2, 0, 3, 1 ]
[ 1, 0, 7, 6, 4, 5, 2, 3 ]
[ 7, 2, 4, 1, 0, 5, 3, 6 ]
[ 3, 6, 2, 1, 5, 7, 4, 0 ]
[ 6, 5, 3, 4, 0, 7, 2, 1 ]
[ 4, 1, 3, 6, 7, 2, 5, 0 ]
[ 5, 4, 1, 6, 7, 3, 2, 0 ]
[ 0, 6, 5, 2, 1, 3, 4, 7 ]
Test 2: size=10
[ 5, 7, 2, 0, 3, 6, 1, 4 ]
[ 4, 2, 1, 7, 3, 0, 5, 6 ]
[ 7, 0, 2, 6, 1, 5, 3, 4 ]
[ 6, 4, 3, 1, 7, 5, 2, 0 ]
[ 1, 5, 0, 4, 3, 7, 2, 6 ]
[ 0, 1, 5, 6, 2, 4, 7, 3 ]
[ 3, 1, 0, 4, 7, 6, 2, 5 ]
[ 2, 0, 1, 7, 4, 5, 3, 6 ]
[ 1, 6, 7, 3, 5, 2, 4, 0 ]
[ 5, 6, 7, 2, 4, 3, 0, 1 ]
Test 3: size=9
[ 2, 7, 4, 6, 1, 5, 3, 0 ]
[ 0, 6, 2, 1, 4, 7, 5, 3 ]
[ 1, 4, 2, 7, 0, 5, 3, 6 ]
[ 4, 7, 0, 1, 5, 6, 3, 2 ]
[ 6, 4, 1, 5, 7, 2, 0, 3 ]
[ 1, 6, 7, 3, 4, 5, 0, 2 ]
[ 0, 2, 4, 6, 5, 7, 3, 1 ]
[ 5, 0, 1, 3, 2, 7, 6, 4 ]
[ 3, 4, 0, 1, 6, 2, 5, 7 ]
Test 4: size=9
[ 0, 2, 1, 7, 4, 6, 5, 3 ]
[ 5, 7, 4, 1, 3, 2, 0, 6 ]
[ 2, 6, 4, 1, 0, 7, 3, 5 ]
[ 4, 2, 1, 3, 5, 7, 6, 0 ]
[ 0, 1, 6, 3, 7, 4, 2, 5 ]
[ 6, 7, 2, 1, 4, 5, 0, 3 ]
[ 2, 0, 4, 6, 1, 5, 7, 3 ]
[ 5, 1, 2, 6, 7, 0, 4, 3 ]
[ 1, 7, 0, 5, 2, 3, 6, 4 ]
Test 5: size=10
[ 7, 0, 2, 1, 6, 3, 4, 5 ]
[ 1, 2, 5, 7, 3, 4, 6, 0 ]
[ 3, 2, 7, 4, 6, 5, 0, 1 ]
[ 5, 7, 0, 3, 2, 4, 6, 1 ]
[ 5, 2, 3, 7, 6, 1, 0, 4 ]
[ 7, 6, 0, 2, 4, 1, 5, 3 ]
[ 3, 1, 4, 0, 2, 7, 6, 5 ]
[ 2, 5, 6, 3, 0, 4, 7, 1 ]
[ 4, 3, 0, 1, 5, 6, 2, 7 ]
[ 6, 3, 1, 5, 7, 2, 4, 0 ]
Test 6: size=9
[ 4, 5, 6, 2, 7, 0, 1, 3 ]
[ 7, 5, 1, 0, 6, 3, 2, 4 ]
[ 2, 0, 4, 3, 5, 6, 7, 1 ]
[ 5, 7, 0, 2, 3, 4, 1, 6 ]
[ 0, 2, 6, 4, 7, 3, 5, 1 ]
[ 2, 5, 0, 4, 7, 1, 3, 6 ]
[ 5, 3, 2, 1, 7, 0, 6, 4 ]
[ 7, 4, 2, 6, 3, 5, 0, 1 ]
[ 3, 4, 2, 7, 1, 6, 0, 5 ]
Test 7: size=10
[ 3, 4, 2, 6, 5, 1, 0, 7 ]
[ 6, 2, 0, 7, 4, 1, 3, 5 ]
[ 6, 1, 4, 5, 2, 7, 0, 3 ]
[ 4, 6, 7, 3, 5, 0, 2, 1 ]
[ 7, 4, 6, 2, 3, 0, 5, 1 ]
[ 2, 6, 3, 5, 4, 0, 1, 7 ]
[ 4, 7, 5, 1, 3, 6, 0, 2 ]
[ 6, 4, 3, 1, 7, 5, 2, 0 ]
[ 5, 2, 1, 7, 0, 4, 6, 3 ]
[ 7, 6, 1, 3, 2, 5, 0, 4 ]
Test 8: size=9
[ 1, 0, 4, 5, 3, 2, 7, 6 ]
[ 4, 1, 3, 7, 6, 0, 2, 5 ]
[ 4, 2, 1, 0, 3, 6, 5, 7 ]
[ 0, 6, 4, 7, 2, 1, 3, 5 ]
[ 7, 0, 3, 5, 6, 2, 4, 1 ]
[ 0, 7, 6, 5, 2, 4, 3, 1 ]
[ 2, 0, 4, 6, 1, 5, 7, 3 ]
[ 1, 7, 2, 0, 5, 6, 4, 3 ]
[ 5, 4, 3, 2, 0, 7, 1, 6 ]
Test 9: size=8
[ 4, 6, 5, 3, 0, 1, 7, 2 ]
[ 3, 4, 0, 5, 1, 2, 6, 7 ]
[ 2, 4, 0, 7, 1, 5, 3, 6 ]
[ 4, 2, 3, 7, 0, 6, 5, 1 ]
[ 6, 0, 1, 4, 2, 7, 5, 3 ]
[ 4, 1, 6, 5, 7, 0, 2, 3 ]
[ 0, 5, 2, 6, 1, 3, 4, 7 ]
[ 6, 5, 4, 3, 0, 2, 1, 7 ]
Test 10: size=9
[ 6, 3, 0, 7, 1, 5, 2, 4 ]
[ 3, 6, 7, 2, 5, 4, 1, 0 ]
[ 4, 1, 5, 3, 7, 6, 0, 2 ]
[ 4, 0, 2, 1, 7, 6, 5, 3 ]
[ 1, 3, 4, 6, 5, 0, 7, 2 ]
[ 3, 0, 6, 2, 4, 1, 7, 5 ]
[ 5, 0, 2, 3, 4, 7, 1, 6 ]
[ 5, 2, 1, 6, 4, 7, 3, 0 ]
[ 7, 6, 1, 3, 2, 4, 5, 0 ]
Test 11: size=10
[ 0, 1, 6, 2, 5, 3, 7, 4 ]
[ 1, 5, 7, 2, 6, 3, 0, 4 ]
[ 0, 6, 5, 1, 7, 4, 3, 2 ]
[ 6, 0, 2, 7, 4, 5, 1, 3 ]
[ 0, 4, 6, 7, 3, 2, 1, 5 ]
[ 3, 6, 0, 7, 2, 1, 4, 5 ]
[ 3, 4, 5, 0, 2, 6, 7, 1 ]
[ 2, 5, 0, 3, 1, 4, 7, 6 ]
[ 5, 7, 3, 6, 4, 2, 0, 1 ]
[ 5, 6, 7, 2, 3, 0, 1, 4 ]
Test 12: size=9
[ 5, 7, 1, 0, 4, 2, 3, 6 ]
[ 2, 5, 1, 7, 4, 6, 3, 0 ]
[ 7, 5, 3, 2, 1, 0, 6, 4 ]
[ 1, 7, 6, 2, 3, 0, 4, 5 ]
[ 6, 4, 3, 2, 7, 5, 1, 0 ]
[ 0, 7, 3, 4, 5, 6, 2, 1 ]
[ 6, 0, 5, 4, 2, 1, 3, 7 ]
[ 3, 4, 0, 6, 7, 2, 1, 5 ]
[ 6, 2, 5, 7, 0, 4, 1, 3 ]
Test 13: size=11
[ 4, 6, 7, 5, 0, 3, 1, 2 ]
[ 3, 4, 2, 6, 7, 1, 5, 0 ]
[ 6, 0, 2, 1, 4, 7, 5, 3 ]
[ 4, 1, 6, 0, 5, 3, 2, 7 ]
[ 4, 2, 3, 6, 7, 0, 1, 5 ]
[ 2, 4, 6, 5, 7, 1, 0, 3 ]
[ 6, 4, 1, 3, 2, 5, 0, 7 ]
[ 4, 0, 1, 2, 7, 3, 5, 6 ]
[ 6, 1, 7, 0, 3, 4, 5, 2 ]
[ 2, 7, 4, 6, 0, 1, 3, 5 ]
[ 2, 0, 5, 6, 3, 4, 7, 1 ]
Test 14: size=10
[ 0, 5, 1, 4, 6, 3, 2, 7 ]
[ 2, 6, 3, 0, 5, 7, 1, 4 ]
[ 0, 3, 5, 6, 7, 4, 1, 2 ]
[ 7, 6, 0, 1, 4, 5, 2, 3 ]
[ 5, 7, 6, 1, 4, 3, 2, 0 ]
[ 5, 0, 4, 7, 3, 2, 1, 6 ]
[ 4, 6, 0, 5, 2, 7, 3, 1 ]
[ 2, 3, 0, 4, 5, 6, 1, 7 ]
[ 0, 4, 2, 7, 6, 3, 5, 1 ]
[ 7, 0, 2, 4, 3, 6, 1, 5 ]
Test 15: size=11
[ 5, 4, 2, 7, 0, 6, 3, 1 ]
[ 2, 5, 3, 0, 7, 6, 4, 1 ]
[ 0, 2, 6, 1, 5, 7, 3, 4 ]
[ 2, 0, 7, 5, 3, 4, 1, 6 ]
[ 0, 1, 4, 5, 6, 2, 3, 7 ]
[ 7, 1, 5, 0, 3, 6, 4, 2 ]
[ 3, 2, 5, 0, 4, 1, 7, 6 ]
[ 3, 4, 5, 2, 1, 0, 6, 7 ]
[ 4, 0, 7, 3, 6, 5, 1, 2 ]
[ 5, 3, 1, 0, 4, 7, 2, 6 ]
[ 1, 0, 5, 7, 4, 2, 3, 6 ]
Test 16: size=11
[ 6, 1, 4, 2, 3, 0, 7, 5 ]
[ 0, 3, 6, 1, 7, 5, 2, 4 ]
[ 3, 7, 1, 4, 6, 2, 0, 5 ]
[ 2, 6, 5, 3, 0, 1, 7, 4 ]
[ 4, 6, 7, 3, 0, 5, 2, 1 ]
[ 5, 2, 7, 3, 1, 6, 0, 4 ]
[ 6, 3, 7, 4, 5, 0, 1, 2 ]
[ 1, 0, 7, 6, 5, 4, 3, 2 ]
[ 5, 3, 2, 0, 4, 7, 6, 1 ]
[ 4, 3, 0, 2, 7, 1, 5, 6 ]
[ 4, 1, 2, 6, 0, 5, 3, 7 ]
Test 17: size=9
[ 0, 6, 4, 3, 2, 1, 7, 5 ]
[ 2, 1, 5, 6, 0, 7, 3, 4 ]
[ 1, 5, 0, 4, 6, 2, 3, 7 ]
[ 3, 6, 2, 7, 0, 4, 1, 5 ]
[ 4, 1, 3, 6, 5, 7, 2, 0 ]
[ 2, 4, 5, 0, 3, 1, 6, 7 ]
[ 6, 2, 0, 4, 7, 5, 1, 3 ]
[ 2, 7, 4, 1, 6, 5, 3, 0 ]
[ 4, 0, 6, 2, 1, 3, 5, 7 ]
Test 18: size=10
[ 2, 7, 0, 5, 1, 3, 4, 6 ]
[ 5, 6, 4, 7, 2, 3, 1, 0 ]
[ 6, 5, 1, 7, 4, 2, 0, 3 ]
[ 3, 6, 0, 5, 2, 4, 1, 7 ]
[ 6, 0, 2, 1, 3, 7, 5, 4 ]
[ 1, 6, 5, 3, 2, 0, 7, 4 ]
[ 5, 4, 6, 2, 1, 0, 7, 3 ]
[ 5, 7, 0, 3, 4, 1, 6, 2 ]
[ 1, 0, 5, 6, 7, 2, 4, 3 ]
[ 3, 1, 4, 7, 5, 6, 2, 0 ]
Test 19: size=9
[ 2, 4, 6, 1, 3, 7, 5, 0 ]
[ 4, 0, 1, 2, 3, 7, 6, 5 ]
[ 3, 5, 2, 1, 7, 4, 0, 6 ]
[ 1, 2, 6, 4, 0, 3, 5, 7 ]
[ 1, 3, 0, 7, 4, 6, 5, 2 ]
[ 1, 6, 3, 4, 2, 5, 7, 0 ]
[ 5, 3, 7, 0, 1, 4, 2, 6 ]
[ 2, 6, 1, 5, 0, 3, 7, 4 ]
[ 1, 5, 4, 7, 2, 0, 3, 6 ]
Test 20: size=9
[ 3, 4, 7, 6, 0, 1, 5, 2 ]
[ 0, 3, 4, 6, 1, 7, 2, 5 ]
[ 0, 4, 2, 7, 5, 3, 1, 6 ]
[ 5, 6, 3, 1, 4, 0, 2, 7 ]
[ 1, 0, 4, 3, 2, 5, 6, 7 ]
[ 6, 5, 7, 3, 1, 0, 2, 4 ]
[ 3, 5, 4, 0, 7, 6, 2, 1 ]
[ 4, 6, 5, 1, 3, 2, 7, 0 ]
[ 1, 4, 7, 3, 0, 5, 2, 6 ]
Test 21: size=10
[ 0, 4, 6, 2, 3, 5, 1, 7 ]
[ 2, 1, 3, 0, 4, 5, 7, 6 ]
[ 7, 5, 0, 1, 6, 3, 2, 4 ]
[ 2, 3, 0, 7, 4, 1, 6, 5 ]
[ 3, 6, 7, 2, 1, 4, 0, 5 ]
[ 4, 6, 0, 1, 3, 7, 5, 2 ]
[ 1, 7, 0, 5, 3, 4, 2, 6 ]
[ 3, 2, 7, 0, 1, 5, 4, 6 ]
[ 7, 3, 4, 0, 1, 2, 5, 6 ]
[ 0, 1, 7, 5, 3, 6, 4, 2 ]
Test 22: size=9
[ 7, 4, 0, 5, 1, 3, 2, 6 ]
[ 1, 7, 0, 6, 4, 2, 3, 5 ]
[ 7, 5, 2, 0, 1, 3, 6, 4 ]
[ 0, 1, 6, 2, 4, 7, 5, 3 ]
[ 2, 5, 6, 4, 7, 1, 0, 3 ]
[ 5, 0, 2, 3, 7, 6, 1, 4 ]
[ 6, 3, 5, 1, 7, 2, 0, 4 ]
[ 6, 1, 3, 5, 4, 7, 0, 2 ]
[ 0, 6, 5, 7, 2, 1, 3, 4 ]
Test 23: size=9
[ 0, 4, 2, 5, 3, 1, 6, 7 ]
[ 3, 7, 1, 4, 5, 0, 2, 6 ]
[ 0, 3, 7, 4, 6, 5, 1, 2 ]
[ 1, 5, 0, 7, 4, 2, 3, 6 ]
[ 1, 4, 0, 6, 5, 3, 7, 2 ]
[ 6, 4, 5, 7, 1, 0, 3, 2 ]
[ 5, 6, 7, 3, 1, 0, 2, 4 ]
[ 0, 1, 4, 2, 6, 3, 7, 5 ]
[ 2, 5, 6, 1, 7, 4, 0, 3 ]
Test 24: size=9
[ 1, 2, 4, 6, 7, 3, 5, 0 ]
[ 5, 6, 1, 4, 3, 7, 2, 0 ]
[ 1, 6, 0, 3, 2, 5, 4, 7 ]
[ 0, 4, 2, 3, 5, 7, 1, 6 ]
[ 2, 6, 1, 5, 3, 4, 0, 7 ]
[ 1, 0, 5, 6, 2, 7, 4, 3 ]
[ 5, 2, 6, 3, 7, 1, 0, 4 ]
[ 5, 4, 1, 2, 6, 0, 7, 3 ]
[ 2, 7, 1, 3, 4, 5, 6, 0 ]
Test 25: size=10
[ 6, 5, 3, 4, 0, 7, 1, 2 ]
[ 5, 0, 3, 1, 2, 4, 6, 7 ]
[ 4, 5, 1, 2, 3, 7, 6, 0 ]
[ 3, 2, 0, 1, 5, 6, 7, 4 ]
[ 0, 1, 4, 6, 2, 7, 5, 3 ]
[ 1, 6, 5, 0, 7, 3, 4, 2 ]
[ 7, 5, 1, 4, 2, 0, 6, 3 ]
[ 4, 0, 5, 7, 6, 2, 3, 1 ]
[ 2, 6, 1, 4, 5, 3, 0, 7 ]
[ 5, 2, 7, 4, 0, 6, 1, 3 ]
Test 26: size=9
[ 1, 6, 3, 2, 7, 4, 5, 0 ]
[ 4, 1, 2, 5, 6, 3, 7, 0 ]
[ 2, 6, 0, 4, 3, 1, 5, 7 ]
[ 5, 4, 2, 7, 0, 6, 3, 1 ]
[ 0, 6, 7, 1, 4, 5, 2, 3 ]
[ 4, 6, 7, 5, 0, 3, 1, 2 ]
[ 7, 4, 3, 2, 6, 1, 0, 5 ]
[ 6, 4, 1, 5, 3, 7, 2, 0 ]
[ 3, 7, 4, 1, 6, 0, 5, 2 ]
Test 27: size=9
[ 3, 5, 4, 7, 2, 0, 1, 6 ]
[ 5, 0, 3, 4, 1, 6, 2, 7 ]
[ 4, 2, 0, 6, 3, 5, 1, 7 ]
[ 1, 2, 3, 0, 6, 4, 5, 7 ]
[ 3, 4, 6, 7, 2, 5, 0, 1 ]
[ 7, 0, 3, 6, 4, 1, 5, 2 ]
[ 0, 5, 7, 4, 3, 6, 1, 2 ]
[ 5, 2, 3, 1, 4, 0, 7, 6 ]
[ 5, 6, 3, 7, 1, 2, 4, 0 ]
Test 28: size=9
[ 7, 5, 6, 3, 1, 4, 2, 0 ]
[ 5, 4, 2, 6, 3, 7, 0, 1 ]
[ 3, 0, 2, 6, 7, 4, 5, 1 ]
[ 4, 2, 3, 0, 1, 7, 6, 5 ]
[ 0, 5, 1, 6, 2, 7, 3, 4 ]
[ 1, 7, 2, 0, 4, 5, 3, 6 ]
[ 3, 1, 5, 6, 0, 4, 7, 2 ]
[ 2, 3, 7, 6, 1, 4, 0, 5 ]
[ 7, 2, 1, 5, 3, 0, 6, 4 ]
Test 29: size=10
[ 0, 2, 1, 7, 5, 6, 3, 4 ]
[ 3, 1, 2, 5, 7, 0, 4, 6 ]
[ 1, 6, 2, 0, 4, 5, 7, 3 ]
[ 2, 5, 6, 7, 0, 3, 1, 4 ]
[ 1, 3, 4, 5, 6, 0, 7, 2 ]
[ 0, 3, 5, 2, 4, 6, 7, 1 ]
[ 7, 0, 1, 2, 4, 5, 3, 6 ]
[ 6, 2, 3, 1, 7, 0, 5, 4 ]
[ 0, 1, 5, 6, 4, 3, 2, 7 ]
[ 5, 1, 3, 6, 2, 4, 7, 0 ]
Test 30: size=10
[ 7, 3, 4, 6, 1, 5, 0, 2 ]
[ 6, 0, 2, 4, 1, 7, 3, 5 ]
[ 3, 4, 5, 7, 6, 1, 2, 0 ]
[ 7, 4, 3, 0, 6, 2, 1, 5 ]
[ 6, 7, 2, 5, 4, 1, 3, 0 ]
[ 4, 7, 0, 1, 3, 2, 6, 5 ]
[ 5, 0, 4, 6, 7, 3, 1, 2 ]
[ 6, 4, 7, 2, 0, 1, 5, 3 ]
[ 2, 3, 7, 4, 0, 6, 5, 1 ]
[ 4, 3, 2, 5, 0, 6, 1, 7 ]
Test 31: size=10
[ 3, 5, 1, 4, 7, 0, 2, 6 ]
[ 4, 1, 6, 5, 2, 3, 0, 7 ]
[ 0, 6, 5, 1, 7, 4, 3, 2 ]
[ 6, 4, 1, 2, 7, 3, 0, 5 ]
[ 0, 4, 7, 6, 1, 2, 3, 5 ]
[ 1, 6, 4, 5, 7, 2, 0, 3 ]
[ 1, 4, 2, 6, 7, 5, 3, 0 ]
[ 6, 1, 3, 2, 7, 0, 5, 4 ]
[ 1, 0, 3, 6, 7, 2, 4, 5 ]
[ 3, 2, 6, 5, 7, 1, 0, 4 ]
Test 32: size=9
[ 7, 1, 2, 6, 5, 3, 4, 0 ]
[ 3, 5, 1, 7, 6, 4, 2, 0 ]
[ 0, 3, 6, 2, 4, 1, 7, 5 ]
[ 6, 4, 5, 2, 1, 0, 3, 7 ]
[ 6, 1, 4, 5, 7, 0, 2, 3 ]
[ 7, 4, 3, 0, 5, 1, 6, 2 ]
[ 1, 0, 4, 2, 3, 5, 7, 6 ]
[ 0, 7, 2, 5, 1, 4, 3, 6 ]
[ 2, 5, 0, 6, 7, 3, 1, 4 ]
Test 33: size=8
[ 0, 7, 1, 4, 6, 3, 2, 5 ]
[ 1, 3, 4, 0, 6, 7, 5, 2 ]
[ 7, 5, 6, 4, 2, 3, 1, 0 ]
[ 3, 2, 6, 5, 1, 0, 4, 7 ]
[ 6, 4, 5, 2, 7, 1, 0, 3 ]
[ 6, 2, 7, 5, 1, 3, 0, 4 ]
[ 1, 6, 0, 2, 4, 5, 3, 7 ]
[ 2, 6, 4, 3, 7, 1, 5, 0 ]
Test 34: size=11
[ 2, 1, 6, 0, 3, 4, 7, 5 ]
[ 6, 5, 1, 4, 7, 2, 3, 0 ]
[ 5, 3, 4, 0, 6, 7, 2, 1 ]
[ 2, 3, 5, 0, 6, 4, 1, 7 ]
[ 6, 4, 5, 0, 2, 7, 3, 1 ]
[ 3, 7, 1, 0, 4, 6, 5, 2 ]
[ 4, 5, 2, 0, 1, 6, 3, 7 ]
[ 3, 0, 5, 7, 1, 6, 2, 4 ]
[ 4, 3, 1, 2, 5, 7, 0, 6 ]
[ 2, 4, 0, 3, 7, 5, 1, 6 ]
[ 2, 6, 3, 5, 1, 7, 4, 0 ]
Test 35: size=11
[ 0, 6, 2, 7, 5, 3, 4, 1 ]
[ 2, 5, 0, 4, 7, 6, 1, 3 ]
[ 3, 2, 6, 1, 7, 5, 4, 0 ]
[ 6, 4, 5, 3, 2, 1, 7, 0 ]
[ 5, 2, 6, 7, 1, 4, 0, 3 ]
[ 1, 3, 5, 6, 7, 2, 0, 4 ]
[ 2, 1, 3, 4, 0, 6, 7, 5 ]
[ 1, 6, 4, 7, 2, 3, 0, 5 ]
[ 2, 4, 5, 0, 6, 3, 1, 7 ]
[ 0, 5, 1, 7, 3, 4, 6, 2 ]
[ 6, 5, 7, 0, 3, 4, 2, 1 ]
Test 36: size=10
[ 3, 7, 0, 6, 1, 4, 5, 2 ]
[ 5, 3, 4, 0, 7, 1, 2, 6 ]
[ 6, 7, 2, 4, 0, 1, 5, 3 ]
[ 7, 4, 5, 3, 6, 1, 2, 0 ]
[ 2, 0, 5, 7, 1, 3, 4, 6 ]
[ 1, 4, 2, 3, 7, 5, 6, 0 ]
[ 0, 4, 6, 2, 7, 5, 1, 3 ]
[ 1, 5, 0, 3, 2, 6, 7, 4 ]
[ 4, 1, 7, 2, 3, 6, 0, 5 ]
[ 4, 3, 7, 1, 6, 2, 5, 0 ]
Test 37: size=9
[ 3, 6, 4, 2, 7, 5, 1, 0 ]
[ 0, 3, 4, 5, 7, 1, 2, 6 ]
[ 4, 7, 5, 6, 3, 1, 0, 2 ]
[ 1, 2, 7, 0, 5, 6, 4, 3 ]
[ 1, 3, 7, 4, 6, 2, 5, 0 ]
[ 3, 5, 2, 1, 4, 0, 6, 7 ]
[ 6, 0, 3, 2, 4, 5, 1, 7 ]
[ 4, 6, 0, 1, 7, 3, 2, 5 ]
[ 0, 2, 6, 7, 5, 3, 1, 4 ]
Test 38: size=10
[ 3, 7, 4, 2, 5, 0, 1, 6 ]
[ 0, 6, 7, 3, 2, 1, 4, 5 ]
[ 0, 7, 5, 2, 3, 1, 6, 4 ]
[ 7, 0, 1, 2, 5, 4, 3, 6 ]
[ 2, 6, 5, 1, 7, 0, 4, 3 ]
[ 4, 2, 6, 3, 7, 0, 5, 1 ]
[ 2, 0, 1, 4, 6, 3, 5, 7 ]
[ 1, 4, 7, 5, 6, 3, 2, 0 ]
[ 5, 3, 1, 7, 6, 2, 0, 4 ]
[ 2, 1, 5, 4, 7, 6, 3, 0 ]
Test 39: size=9
[ 6, 0, 3, 7, 2, 1, 5, 4 ]
[ 5, 6, 4, 2, 1, 3, 0, 7 ]
[ 0, 1, 2, 6, 7, 5, 3, 4 ]
[ 2, 3, 7, 4, 1, 6, 5, 0 ]
[ 7, 4, 0, 6, 3, 5, 2, 1 ]
[ 2, 4, 5, 0, 3, 6, 1, 7 ]
[ 4, 6, 2, 5, 7, 1, 0, 3 ]
[ 3, 1, 4, 6, 0, 5, 2, 7 ]
[ 6, 2, 4, 0, 5, 1, 7, 3 ]
Test 40: size=10
[ 0, 6, 5, 1, 2, 3, 7, 4 ]
[ 4, 1, 3, 7, 2, 6, 0, 5 ]
[ 1, 0, 2, 7, 5, 3, 6, 4 ]
[ 7, 5, 0, 2, 4, 1, 6, 3 ]
[ 0, 7, 5, 4, 3, 1, 6, 2 ]
[ 2, 4, 0, 1, 7, 3, 6, 5 ]
[ 5, 4, 2, 7, 6, 0, 3, 1 ]
[ 6, 3, 0, 5, 4, 7, 1, 2 ]
[ 4, 0, 5, 1, 7, 6, 2, 3 ]
[ 6, 7, 4, 0, 3, 5, 2, 1 ]
Test 41: size=9
[ 0, 7, 6, 5, 3, 1, 2, 4 ]
[ 6, 5, 1, 0, 4, 7, 2, 3 ]
[ 1, 4, 3, 6, 7, 5, 0, 2 ]
[ 7, 4, 6, 1, 2, 5, 3, 0 ]
[ 5, 3, 6, 0, 4, 2, 7, 1 ]
[ 6, 3, 2, 4, 7, 1, 5, 0 ]
[ 6, 2, 5, 1, 3, 0, 7, 4 ]
[ 2, 6, 4, 1, 7, 0, 5, 3 ]
[ 5, 1, 6, 7, 4, 3, 2, 0 ]
Test 42: size=9
[ 5, 1, 3, 2, 0, 4, 6, 7 ]
[ 7, 1, 2, 4, 0, 5, 6, 3 ]
[ 0, 4, 3, 2, 5, 6, 7, 1 ]
[ 4, 6, 1, 0, 5, 3, 2, 7 ]
[ 1, 0, 6, 7, 3, 5, 2, 4 ]
[ 0, 7, 2, 5, 1, 6, 3, 4 ]
[ 3, 0, 4, 1, 6, 5, 7, 2 ]
[ 3, 2, 4, 7, 5, 0, 6, 1 ]
[ 4, 7, 6, 2, 0, 1, 5, 3 ]
Test 43: size=10
[ 7, 6, 5, 0, 2, 1, 4, 3 ]
[ 6, 0, 5, 1, 2, 3, 7, 4 ]
[ 5, 2, 4, 6, 3, 0, 1, 7 ]
[ 0, 6, 2, 5, 1, 7, 3, 4 ]
[ 3, 5, 2, 0, 7, 4, 1, 6 ]
[ 3, 7, 5, 2, 1, 6, 4, 0 ]
[ 1, 6, 7, 2, 4, 0, 3, 5 ]
[ 4, 6, 5, 7, 2, 0, 3, 1 ]
[ 2, 6, 3, 5, 7, 0, 1, 4 ]
[ 2, 1, 3, 7, 6, 4, 5, 0 ]
Test 44: size=10
[ 7, 1, 2, 6, 5, 4, 3, 0 ]
[ 5, 4, 6, 3, 2, 0, 7, 1 ]
[ 3, 6, 5, 0, 7, 2, 1, 4 ]
[ 6, 7, 4, 2, 0, 5, 3, 1 ]
[ 2, 5, 1, 3, 6, 0, 7, 4 ]
[ 4, 5, 1, 0, 2, 6, 3, 7 ]
[ 6, 2, 7, 3, 4, 1, 0, 5 ]
[ 2, 7, 1, 4, 5, 3, 0, 6 ]
[ 4, 6, 2, 3, 1, 7, 5, 0 ]
[ 0, 4, 2, 3, 7, 6, 5, 1 ]
Test 45: size=10
[ 6, 7, 0, 5, 4, 3, 1, 2 ]
[ 1, 0, 3, 7, 6, 5, 2, 4 ]
[ 0, 2, 7, 1, 3, 5, 6, 4 ]
[ 4, 0, 6, 1, 2, 7, 3, 5 ]
[ 7, 6, 4, 3, 2, 0, 1, 5 ]
[ 3, 5, 1, 4, 7, 0, 6, 2 ]
[ 6, 1, 3, 0, 4, 2, 7, 5 ]
[ 1, 3, 7, 4, 0, 2, 6, 5 ]
[ 0, 7, 3, 4, 2, 1, 5, 6 ]
[ 3, 6, 2, 5, 7, 0, 1, 4 ]
Test 46: size=10
[ 7, 0, 4, 2, 6, 1, 5, 3 ]
[ 5, 7, 3, 0, 6, 1, 2, 4 ]
[ 4, 7, 0, 1, 5, 6, 2, 3 ]
[ 1, 4, 5, 0, 7, 3, 6, 2 ]
[ 0, 1, 2, 7, 3, 4, 5, 6 ]
[ 0, 4, 5, 2, 1, 7, 6, 3 ]
[ 2, 5, 0, 3, 1, 4, 7, 6 ]
[ 7, 4, 6, 0, 5, 3, 2, 1 ]
[ 6, 3, 0, 4, 1, 5, 2, 7 ]
[ 5, 0, 2, 3, 4, 7, 1, 6 ]
Test 47: size=9
[ 0, 1, 7, 4, 5, 6, 2, 3 ]
[ 7, 5, 6, 0, 1, 3, 2, 4 ]
[ 3, 7, 1, 5, 2, 0, 6, 4 ]
[ 7, 1, 4, 3, 5, 2, 6, 0 ]
[ 7, 4, 1, 0, 3, 6, 5, 2 ]
[ 3, 6, 4, 7, 2, 1, 0, 5 ]
[ 5, 2, 7, 6, 1, 3, 4, 0 ]
[ 2, 3, 5, 1, 4, 0, 7, 6 ]
[ 1, 5, 0, 6, 3, 7, 4, 2 ]
Test 48: size=9
[ 4, 3, 5, 0, 2, 7, 6, 1 ]
[ 6, 0, 3, 1, 7, 5, 4, 2 ]
[ 5, 2, 3, 6, 4, 0, 1, 7 ]
[ 5, 3, 1, 4, 2, 0, 7, 6 ]
[ 5, 1, 6, 4, 7, 0, 3, 2 ]
[ 1, 0, 7, 5, 6, 4, 2, 3 ]
[ 7, 4, 5, 1, 3, 2, 6, 0 ]
[ 2, 5, 1, 7, 6, 4, 3, 0 ]
[ 3, 5, 2, 6, 1, 7, 4, 0 ]
Test 49: size=9
[ 4, 5, 1, 7, 2, 6, 3, 0 ]
[ 4, 7, 2, 0, 3, 5, 6, 1 ]
[ 4, 6, 1, 3, 2, 7, 0, 5 ]
[ 7, 6, 4, 3, 1, 2, 5, 0 ]
[ 6, 0, 3, 4, 2, 1, 5, 7 ]
[ 3, 4, 0, 5, 6, 2, 1, 7 ]
[ 5, 2, 3, 4, 7, 0, 1, 6 ]
[ 6, 7, 3, 5, 2, 4, 0, 1 ]
[ 4, 1, 7, 6, 0, 5, 3, 2 ]
Test 50: size=12
[ 3, 0, 5, 2, 4, 1, 6, 7 ]
[ 4, 2, 6, 0, 1, 7, 3, 5 ]
[ 3, 6, 4, 5, 2, 1, 7, 0 ]
[ 3, 4, 2, 0, 6, 7, 1, 5 ]
[ 6, 3, 1, 7, 5, 0, 4, 2 ]
[ 6, 7, 2, 3, 4, 5, 0, 1 ]
[ 1, 5, 3, 6, 7, 4, 0, 2 ]
[ 1, 4, 6, 0, 7, 2, 5, 3 ]
[ 6, 2, 7, 4, 5, 3, 1, 0 ]
[ 6, 4, 3, 0, 2, 1, 5, 7 ]
[ 7, 0, 3, 1, 2, 6, 5, 4 ]
[ 2, 7, 1, 4, 3, 6, 5, 0 ]
Test 51: size=10
[ 7, 2, 4, 5, 3, 0, 1, 6 ]
[ 7, 1, 6, 5, 4, 0, 3, 2 ]
[ 3, 6, 2, 5, 4, 7, 1, 0 ]
[ 2, 4, 3, 1, 7, 6, 0, 5 ]
[ 6, 7, 5, 2, 1, 0, 4, 3 ]
[ 2, 7, 6, 3, 0, 5, 4, 1 ]
[ 3, 1, 0, 5, 7, 2, 6, 4 ]
[ 6, 4, 1, 3, 5, 2, 7, 0 ]
[ 2, 1, 3, 7, 4, 0, 5, 6 ]
[ 4, 7, 6, 2, 3, 1, 5, 0 ]
Test 52: size=9
[ 0, 3, 4, 6, 7, 2, 5, 1 ]
[ 4, 0, 3, 1, 7, 2, 6, 5 ]
[ 2, 7, 3, 5, 0, 1, 6, 4 ]
[ 4, 2, 5, 6, 3, 7, 0, 1 ]
[ 0, 4, 7, 1, 6, 3, 2, 5 ]
[ 1, 3, 2, 6, 4, 0, 5, 7 ]
[ 0, 6, 5, 1, 2, 3, 7, 4 ]
[ 5, 4, 1, 6, 7, 0, 3, 2 ]
[ 6, 1, 5, 3, 2, 4, 0, 7 ]
Test 53: size=10
[ 2, 4, 3, 5, 7, 0, 6, 1 ]
[ 4, 2, 6, 0, 1, 7, 3, 5 ]
[ 5, 2, 6, 1, 0, 3, 4, 7 ]
[ 0, 1, 4, 5, 3, 2, 7, 6 ]
[ 0, 5, 7, 6, 4, 3, 1, 2 ]
[ 6, 3, 1, 7, 4, 5, 0, 2 ]
[ 6, 0, 3, 2, 4, 5, 7, 1 ]
[ 7, 3, 2, 1, 6, 5, 0, 4 ]
[ 3, 0, 7, 2, 4, 1, 5, 6 ]
[ 7, 1, 2, 5, 4, 0, 6, 3 ]
Test 54: size=10
[ 2, 5, 1, 7, 4, 0, 6, 3 ]
[ 6, 2, 7, 0, 3, 1, 5, 4 ]
[ 4, 6, 3, 2, 7, 5, 0, 1 ]
[ 4, 2, 3, 7, 0, 1, 6, 5 ]
[ 0, 5, 4, 2, 7, 6, 1, 3 ]
[ 1, 6, 3, 0, 2, 4, 7, 5 ]
[ 7, 4, 3, 2, 0, 6, 5, 1 ]
[ 0, 4, 2, 1, 3, 5, 6, 7 ]
[ 1, 4, 0, 3, 7, 5, 6, 2 ]
[ 3, 5, 0, 2, 6, 4, 1, 7 ]
Test 55: size=8
[ 3, 0, 6, 7, 4, 5, 2, 1 ]
[ 4, 6, 2, 5, 7, 0, 3, 1 ]
[ 7, 5, 0, 2, 3, 6, 4, 1 ]
[ 4, 3, 1, 5, 7, 2, 0, 6 ]
[ 1, 5, 3, 4, 6, 0, 7, 2 ]
[ 2, 0, 1, 6, 7, 3, 4, 5 ]
[ 0, 4, 2, 5, 6, 3, 1, 7 ]
[ 2, 3, 5, 6, 7, 1, 0, 4 ]
Test 56: size=9
[ 7, 1, 5, 4, 0, 3, 6, 2 ]
[ 1, 3, 7, 6, 5, 0, 4, 2 ]
[ 0, 7, 1, 4, 6, 2, 3, 5 ]
[ 5, 0, 3, 4, 7, 1, 2, 6 ]
[ 1, 5, 2, 0, 4, 7, 3, 6 ]
[ 2, 3, 7, 0, 5, 1, 6, 4 ]
[ 1, 6, 3, 2, 4, 7, 5, 0 ]
[ 7, 5, 2, 1, 0, 4, 6, 3 ]
[ 5, 1, 3, 2, 7, 6, 0, 4 ]
Test 57: size=9
[ 4, 2, 5, 6, 1, 3, 0, 7 ]
[ 5, 2, 1, 4, 7, 6, 3, 0 ]
[ 2, 6, 5, 0, 1, 4, 3, 7 ]
[ 6, 5, 1, 7, 2, 0, 3, 4 ]
[ 1, 2, 3, 4, 5, 7, 0, 6 ]
[ 2, 4, 0, 6, 7, 3, 1, 5 ]
[ 0, 7, 6, 1, 4, 5, 3, 2 ]
[ 2, 1, 0, 3, 5, 7, 6, 4 ]
[ 6, 7, 2, 5, 4, 0, 1, 3 ]
Test 58: size=9
[ 0, 2, 4, 7, 1, 3, 5, 6 ]
[ 0, 5, 6, 1, 7, 3, 4, 2 ]
[ 3, 7, 0, 6, 4, 2, 1, 5 ]
[ 6, 3, 0, 5, 2, 7, 1, 4 ]
[ 1, 3, 7, 6, 2, 5, 4, 0 ]
[ 7, 5, 0, 1, 3, 6, 2, 4 ]
[ 5, 2, 0, 3, 4, 1, 6, 7 ]
[ 1, 7, 0, 4, 6, 5, 2, 3 ]
[ 4, 3, 1, 6, 0, 2, 7, 5 ]
Test 59: size=10
[ 3, 6, 2, 4, 7, 1, 5, 0 ]
[ 7, 0, 2, 4, 3, 5, 6, 1 ]
[ 6, 5, 7, 3, 0, 1, 2, 4 ]
[ 0, 1, 5, 4, 7, 6, 3, 2 ]
[ 3, 0, 2, 6, 5, 4, 1, 7 ]
[ 3, 4, 7, 2, 0, 6, 5, 1 ]
[ 6, 4, 3, 1, 7, 5, 2, 0 ]
[ 4, 0, 3, 1, 6, 7, 2, 5 ]
[ 5, 3, 0, 6, 1, 4, 2, 7 ]
[ 0, 4, 6, 2, 1, 3, 5, 7 ]
Test 60: size=9
[ 5, 3, 2, 1, 4, 6, 0, 7 ]
[ 3, 7, 0, 4, 2, 5, 1, 6 ]
[ 7, 6, 0, 1, 2, 4, 5, 3 ]
[ 0, 2, 4, 1, 5, 6, 3, 7 ]
[ 2, 7, 4, 3, 1, 5, 0, 6 ]
[ 7, 5, 0, 4, 3, 2, 6, 1 ]
[ 1, 4, 5, 7, 6, 2, 0, 3 ]
[ 5, 7, 1, 4, 0, 2, 3, 6 ]
[ 5, 1, 7, 3, 0, 4, 6, 2 ]
