
=============================================

n=6
Test 1: size=5
[ 2, 5, 0, 4, 3, 1 ]
[ 5, 4, 2, 0, 1, 3 ]
[ 0, 4, 2, 1, 3, 5 ]
[ 2, 0, 5, 1, 4, 3 ]
[ 2, 1, 5, 3, 0, 4 ]
Test 2: size=6
[ 4, 2, 1, 0, 3, 5 ]
[ 1, 5, 0, 3, 4, 2 ]
[ 5, 2, 0, 4, 1, 3 ]
[ 4, 5, 0, 2, 3, 1 ]
[ 3, 0, 4, 5, 1, 2 ]
[ 4, 0, 1, 3, 5, 2 ]
Test 3: size=5
[ 2, 3, 0, 4, 5, 1 ]
[ 3, 5, 1, 2, 0, 4 ]
[ 3, 1, 2, 4, 0, 5 ]
[ 0, 2, 3, 5, 4, 1 ]
[ 1, 0, 3, 4, 2, 5 ]
Test 4: size=6
[ 4, 5, 0, 2, 3, 1 ]
[ 5, 0, 4, 1, 2, 3 ]
[ 5, 1, 0, 3, 2, 4 ]
[ 1, 0, 2, 4, 3, 5 ]
[ 3, 1, 5, 2, 0, 4 ]
[ 0, 1, 3, 4, 5, 2 ]
Test 5: size=7
[ 0, 1, 4, 3, 2, 5 ]
[ 1, 5, 0, 2, 4, 3 ]
[ 4, 0, 2, 3, 1, 5 ]
[ 4, 2, 5, 1, 0, 3 ]
[ 0, 4, 3, 5, 2, 1 ]
[ 2, 4, 0, 1, 3, 5 ]
[ 2, 1, 4, 5, 3, 0 ]
Test 6: size=6
[ 5, 0, 2, 4, 1, 3 ]
[ 5, 2, 4, 3, 1, 0 ]
[ 5, 3, 1, 2, 0, 4 ]
[ 1, 2, 3, 5, 4, 0 ]
[ 2, 3, 0, 5, 4, 1 ]
[ 3, 5, 0, 1, 2, 4 ]
Test 7: size=5
[ 0, 4, 3, 2, 5, 1 ]
[ 4, 3, 1, 0, 2, 5 ]
[ 2, 1, 4, 5, 0, 3 ]
[ 2, 4, 5, 3, 0, 1 ]
[ 2, 3, 0, 4, 1, 5 ]
Test 8: size=6
[ 4, 3, 0, 2, 1, 5 ]
[ 4, 0, 5, 1, 3, 2 ]
[ 0, 2, 4, 1, 3, 5 ]
[ 0, 1, 4, 5, 2, 3 ]
[ 2, 1, 0, 4, 5, 3 ]
[ 0, 4, 2, 3, 5, 1 ]
Test 9: size=6
[ 2, 5, 1, 4, 3, 0 ]
[ 0, 5, 3, 2, 1, 4 ]
[ 0, 1, 3, 4, 2, 5 ]
[ 1, 5, 0, 3, 2, 4 ]
[ 3, 0, 2, 5, 4, 1 ]
[ 1, 3, 5, 4, 2, 0 ]
Test 10: size=6
[ 5, 0, 1, 4, 3, 2 ]
[ 4, 0, 5, 3, 2, 1 ]
[ 2, 5, 0, 3, 1, 4 ]
[ 4, 3, 1, 5, 2, 0 ]
[ 3, 0, 2, 1, 5, 4 ]
[ 0, 1, 3, 2, 4, 5 ]
Test 11: size=6
[ 4, 2, 3, 0, 5, 1 ]
[ 5, 4, 3, 1, 0, 2 ]
[ 0, 5, 2, 4, 1, 3 ]
[ 1, 0, 4, 5, 2, 3 ]
[ 0, 3, 5, 2, 1, 4 ]
[ 5, 0, 1, 2, 3, 4 ]
Test 12: size=7
[ 5, 0, 4, 1, 2, 3 ]
[ 1, 0, 2, 3, 4, 5 ]
[ 3, 4, 1, 0, 5, 2 ]
[ 1, 3, 0, 2, 5, 4 ]
[ 4, 2, 1, 5, 3, 0 ]
[ 2, 1, 0, 4, 3, 5 ]
[ 1, 5, 2, 4, 0, 3 ]
Test 13: size=9
[ 5, 4, 3, 2, 0, 1 ]
[ 1, 2, 5, 4, 0, 3 ]
[ 4, 3, 1, 5, 0, 2 ]
[ 0, 5, 3, 4, 1, 2 ]
[ 3, 4, 0, 1, 5, 2 ]
[ 0, 3, 2, 1, 5, 4 ]
[ 0, 4, 2, 5, 3, 1 ]
[ 5, 3, 2, 4, 1, 0 ]
[ 5, 2, 0, 3, 1, 4 ]
Test 14: size=6
[ 2, 1, 0, 3, 4, 5 ]
[ 3, 0, 4, 5, 2, 1 ]
[ 0, 1, 3, 5, 2, 4 ]
[ 5, 1, 0, 2, 3, 4 ]
[ 0, 4, 1, 3, 2, 5 ]
[ 5, 0, 2, 4, 3, 1 ]
Test 15: size=7
[ 5, 0, 2, 4, 3, 1 ]
[ 1, 2, 4, 0, 5, 3 ]
[ 5, 4, 1, 2, 0, 3 ]
[ 4, 2, 3, 5, 1, 0 ]
[ 5, 2, 4, 1, 3, 0 ]
[ 2, 3, 1, 0, 5, 4 ]
[ 4, 0, 3, 2, 5, 1 ]
Test 16: size=6
[ 2, 4, 5, 0, 1, 3 ]
[ 5, 1, 3, 4, 2, 0 ]
[ 2, 1, 5, 3, 0, 4 ]
[ 3, 5, 0, 4, 2, 1 ]
[ 0, 4, 1, 5, 2, 3 ]
[ 5, 3, 4, 1, 0, 2 ]
Test 17: size=5
[ 3, 2, 1, 4, 5, 0 ]
[ 5, 4, 2, 1, 0, 3 ]
[ 1, 5, 3, 0, 4, 2 ]
[ 2, 1, 5, 0, 4, 3 ]
[ 5, 3, 2, 4, 1, 0 ]
Test 18: size=6
[ 5, 3, 1, 2, 0, 4 ]
[ 4, 1, 5, 0, 2, 3 ]
[ 1, 2, 3, 0, 5, 4 ]
[ 2, 4, 5, 1, 3, 0 ]
[ 5, 2, 3, 1, 4, 0 ]
[ 3, 5, 2, 4, 1, 0 ]
Test 19: size=7
[ 1, 3, 5, 4, 0, 2 ]
[ 3, 0, 5, 2, 4, 1 ]
[ 1, 0, 4, 3, 2, 5 ]
[ 1, 5, 3, 0, 2, 4 ]
[ 2, 3, 0, 1, 4, 5 ]
[ 4, 5, 0, 2, 1, 3 ]
[ 0, 1, 2, 4, 3, 5 ]
Test 20: size=6
[ 5, 2, 0, 4, 3, 1 ]
[ 0, 1, 2, 3, 5, 4 ]
[ 2, 4, 3, 5, 0, 1 ]
[ 5, 1, 4, 2, 3, 0 ]
[ 3, 0, 1, 4, 5, 2 ]
[ 0, 2, 1, 5, 4, 3 ]
Test 21: size=6
[ 1, 0, 2, 3, 4, 5 ]
[ 2, 5, 0, 1, 4, 3 ]
[ 5, 2, 1, 3, 0, 4 ]
[ 0, 3, 5, 4, 2, 1 ]
[ 2, 3, 0, 5, 1, 4 ]
[ 3, 1, 4, 2, 0, 5 ]
Test 22: size=6
[ 5, 0, 3, 4, 2, 1 ]
[ 2, 3, 5, 1, 4, 0 ]
[ 0, 1, 5, 2, 3, 4 ]
[ 3, 5, 0, 2, 1, 4 ]
[ 1, 3, 4, 0, 5, 2 ]
[ 2, 4, 5, 0, 1, 3 ]
Test 23: size=6
[ 5, 4, 1, 0, 2, 3 ]
[ 5, 1, 4, 3, 0, 2 ]
[ 3, 5, 4, 2, 1, 0 ]
[ 1, 2, 5, 4, 0, 3 ]
[ 5, 3, 2, 1, 4, 0 ]
[ 2, 4, 3, 1, 5, 0 ]
Test 24: size=6
[ 2, 4, 0, 1, 3, 5 ]
[ 0, 1, 5, 4, 3, 2 ]
[ 5, 1, 3, 2, 0, 4 ]
[ 3, 0, 2, 5, 4, 1 ]
[ 3, 5, 0, 2, 1, 4 ]
[ 1, 2, 3, 5, 4, 0 ]
Test 25: size=6
[ 0, 2, 3, 4, 5, 1 ]
[ 2, 5, 1, 0, 3, 4 ]
[ 3, 0, 5, 2, 1, 4 ]
[ 2, 3, 5, 4, 0, 1 ]
[ 0, 5, 4, 2, 1, 3 ]
[ 2, 1, 5, 3, 4, 0 ]
Test 26: size=7
[ 3, 5, 4, 1, 0, 2 ]
[ 0, 5, 1, 2, 3, 4 ]
[ 5, 0, 3, 1, 2, 4 ]
[ 1, 4, 0, 5, 3, 2 ]
[ 5, 4, 3, 0, 1, 2 ]
[ 4, 0, 2, 5, 3, 1 ]
[ 5, 1, 4, 2, 3, 0 ]
Test 27: size=6
[ 1, 5, 4, 2, 3, 0 ]
[ 3, 5, 1, 0, 4, 2 ]
[ 0, 2, 3, 1, 4, 5 ]
[ 3, 4, 1, 2, 0, 5 ]
[ 4, 2, 5, 3, 1, 0 ]
[ 1, 2, 5, 0, 3, 4 ]
Test 28: size=5
[ 3, 1, 2, 5, 4, 0 ]
[ 4, 3, 5, 1, 0, 2 ]
[ 5, 1, 3, 4, 2, 0 ]
[ 1, 0, 4, 2, 5, 3 ]
[ 1, 4, 0, 5, 3, 2 ]
Test 29: size=6
[ 0, 1, 4, 5, 3, 2 ]
[ 4, 1, 2, 0, 5, 3 ]
[ 2, 4, 5, 0, 3, 1 ]
[ 1, 2, 5, 3, 0, 4 ]
[ 3, 1, 2, 4, 0, 5 ]
[ 0, 2, 3, 1, 5, 4 ]
Test 30: size=5
[ 4, 1, 0, 2, 5, 3 ]
[ 0, 1, 5, 3, 4, 2 ]
[ 3, 4, 5, 1, 2, 0 ]
[ 1, 2, 5, 4, 0, 3 ]
[ 5, 0, 3, 2, 4, 1 ]
Test 31: size=9
[ 1, 2, 0, 4, 5, 3 ]
[ 4, 1, 0, 2, 3, 5 ]
[ 0, 4, 3, 2, 1, 5 ]
[ 2, 5, 0, 3, 4, 1 ]
[ 4, 2, 5, 3, 0, 1 ]
[ 5, 0, 1, 2, 4, 3 ]
[ 3, 1, 4, 5, 0, 2 ]
[ 0, 3, 2, 4, 5, 1 ]
[ 4, 0, 5, 1, 3, 2 ]
Test 32: size=5
[ 1, 0, 5, 2, 3, 4 ]
[ 0, 3, 4, 1, 5, 2 ]
[ 5, 4, 0, 2, 3, 1 ]
[ 5, 1, 3, 0, 4, 2 ]
[ 3, 2, 1, 5, 0, 4 ]
Test 33: size=6
[ 5, 2, 0, 3, 4, 1 ]
[ 2, 3, 1, 5, 0, 4 ]
[ 2, 1, 0, 4, 3, 5 ]
[ 4, 5, 0, 2, 1, 3 ]
[ 1, 5, 4, 3, 2, 0 ]
[ 3, 4, 2, 5, 1, 0 ]
Test 34: size=7
[ 4, 2, 5, 1, 0, 3 ]
[ 1, 3, 5, 4, 2, 0 ]
[ 0, 3, 2, 1, 4, 5 ]
[ 2, 1, 3, 4, 5, 0 ]
[ 2, 4, 1, 0, 5, 3 ]
[ 1, 4, 0, 5, 2, 3 ]
[ 1, 5, 0, 2, 3, 4 ]
Test 35: size=6
[ 2, 5, 0, 4, 3, 1 ]
[ 3, 0, 4, 1, 2, 5 ]
[ 0, 4, 5, 1, 2, 3 ]
[ 2, 3, 0, 5, 1, 4 ]
[ 5, 3, 4, 2, 0, 1 ]
[ 1, 4, 2, 3, 5, 0 ]
Test 36: size=6
[ 5, 2, 3, 0, 1, 4 ]
[ 2, 1, 0, 5, 3, 4 ]
[ 2, 4, 1, 3, 0, 5 ]
[ 0, 5, 4, 1, 2, 3 ]
[ 1, 3, 5, 4, 2, 0 ]
[ 1, 5, 4, 3, 0, 2 ]
Test 37: size=6
[ 2, 4, 5, 1, 3, 0 ]
[ 0, 5, 2, 1, 3, 4 ]
[ 4, 5, 3, 0, 1, 2 ]
[ 5, 2, 3, 1, 0, 4 ]
[ 3, 4, 2, 0, 1, 5 ]
[ 1, 4, 3, 5, 2, 0 ]
Test 38: size=7
[ 5, 3, 0, 1, 2, 4 ]
[ 5, 4, 1, 3, 2, 0 ]
[ 4, 5, 0, 2, 1, 3 ]
[ 1, 0, 4, 5, 3, 2 ]
[ 3, 5, 1, 4, 0, 2 ]
[ 0, 4, 3, 2, 5, 1 ]
[ 2, 1, 4, 3, 0, 5 ]
Test 39: size=6
[ 5, 4, 1, 0, 2, 3 ]
[ 3, 5, 2, 4, 0, 1 ]
[ 0, 5, 4, 3, 2, 1 ]
[ 4, 0, 3, 5, 1, 2 ]
[ 2, 4, 5, 1, 3, 0 ]
[ 1, 5, 2, 0, 3, 4 ]
Test 40: size=6
[ 3, 1, 5, 0, 4, 2 ]
[ 3, 5, 0, 2, 4, 1 ]
[ 1, 0, 2, 5, 3, 4 ]
[ 4, 5, 3, 0, 1, 2 ]
[ 2, 3, 4, 0, 1, 5 ]
[ 5, 2, 1, 3, 0, 4 ]
Test 41: size=6
[ 3, 0, 1, 5, 4, 2 ]
[ 1, 2, 0, 3, 4, 5 ]
[ 4, 1, 5, 2, 3, 0 ]
[ 4, 3, 2, 1, 0, 5 ]
[ 0, 4, 2, 3, 5, 1 ]
[ 4, 2, 0, 5, 3, 1 ]
Test 42: size=7
[ 0, 1, 5, 2, 3, 4 ]
[ 0, 3, 5, 1, 4, 2 ]
[ 3, 5, 0, 4, 1, 2 ]
[ 5, 4, 1, 3, 0, 2 ]
[ 5, 1, 2, 4, 0, 3 ]
[ 4, 5, 0, 2, 3, 1 ]
[ 4, 2, 5, 0, 1, 3 ]
Test 43: size=7
[ 4, 2, 3, 1, 5, 0 ]
[ 1, 3, 0, 2, 5, 4 ]
[ 1, 0, 2, 3, 4, 5 ]
[ 2, 3, 5, 0, 1, 4 ]
[ 3, 0, 5, 4, 2, 1 ]
[ 4, 0, 1, 2, 5, 3 ]
[ 2, 1, 5, 3, 4, 0 ]
Test 44: size=5
[ 3, 0, 2, 5, 1, 4 ]
[ 5, 0, 4, 3, 2, 1 ]
[ 1, 3, 4, 2, 5, 0 ]
[ 0, 2, 4, 5, 1, 3 ]
[ 0, 4, 1, 3, 2, 5 ]
Test 45: size=5
[ 5, 0, 4, 2, 3, 1 ]
[ 5, 3, 0, 1, 2, 4 ]
[ 1, 0, 2, 5, 4, 3 ]
[ 4, 0, 1, 3, 5, 2 ]
[ 2, 0, 3, 4, 1, 5 ]
Test 46: size=9
[ 2, 4, 0, 3, 1, 5 ]
[ 5, 2, 3, 4, 1, 0 ]
[ 1, 4, 2, 5, 3, 0 ]
[ 2, 1, 3, 5, 0, 4 ]
[ 4, 3, 5, 1, 2, 0 ]
[ 3, 0, 2, 4, 5, 1 ]
[ 5, 0, 1, 2, 4, 3 ]
[ 0, 5, 4, 1, 3, 2 ]
[ 4, 5, 2, 0, 1, 3 ]
Test 47: size=5
[ 0, 2, 4, 3, 5, 1 ]
[ 5, 4, 1, 0, 3, 2 ]
[ 2, 0, 1, 5, 4, 3 ]
[ 3, 0, 5, 2, 1, 4 ]
[ 0, 4, 3, 2, 1, 5 ]
Test 48: size=5
[ 0, 4, 2, 5, 3, 1 ]
[ 5, 4, 1, 0, 2, 3 ]
[ 4, 0, 3, 1, 5, 2 ]
[ 5, 1, 4, 3, 0, 2 ]
[ 1, 0, 5, 3, 2, 4 ]
Test 49: size=7
[ 3, 0, 4, 1, 5, 2 ]
[ 0, 1, 2, 3, 5, 4 ]
[ 0, 3, 1, 2, 4, 5 ]
[ 5, 1, 2, 0, 4, 3 ]
[ 0, 5, 3, 1, 4, 2 ]
[ 1, 0, 4, 5, 2, 3 ]
[ 5, 2, 0, 3, 4, 1 ]
Test 50: size=6
[ 3, 0, 1, 2, 5, 4 ]
[ 4, 2, 0, 3, 1, 5 ]
[ 4, 3, 2, 5, 1, 0 ]
[ 3, 5, 0, 4, 2, 1 ]
[ 3, 4, 1, 5, 0, 2 ]
[ 2, 1, 3, 5, 4, 0 ]
Test 51: size=5
[ 3, 2, 0, 4, 1, 5 ]
[ 3, 4, 1, 0, 5, 2 ]
[ 2, 1, 5, 3, 4, 0 ]
[ 5, 3, 1, 4, 2, 0 ]
[ 4, 5, 2, 0, 3, 1 ]
Test 52: size=6
[ 1, 5, 4, 0, 2, 3 ]
[ 0, 4, 2, 5, 1, 3 ]
[ 2, 4, 5, 3, 0, 1 ]
[ 0, 1, 2, 4, 3, 5 ]
[ 1, 2, 0, 3, 4, 5 ]
[ 5, 0, 1, 4, 3, 2 ]
Test 53: size=5
[ 0, 3, 2, 1, 4, 5 ]
[ 2, 4, 1, 3, 0, 5 ]
[ 1, 3, 2, 5, 0, 4 ]
[ 4, 2, 0, 1, 3, 5 ]
[ 0, 1, 2, 4, 5, 3 ]
Test 54: size=7
[ 2, 4, 1, 3, 5, 0 ]
[ 3, 5, 4, 0, 1, 2 ]
[ 3, 2, 5, 4, 1, 0 ]
[ 0, 4, 3, 2, 1, 5 ]
[ 4, 2, 5, 1, 0, 3 ]
[ 4, 3, 1, 2, 0, 5 ]
[ 1, 5, 3, 4, 2, 0 ]
Test 55: size=7
[ 2, 5, 4, 0, 3, 1 ]
[ 3, 4, 5, 0, 1, 2 ]
[ 1, 5, 3, 2, 0, 4 ]
[ 0, 5, 3, 4, 2, 1 ]
[ 4, 2, 3, 0, 1, 5 ]
[ 3, 0, 5, 2, 4, 1 ]
[ 0, 2, 5, 1, 3, 4 ]
Test 56: size=9
[ 3, 2, 0, 4, 5, 1 ]
[ 4, 2, 0, 1, 3, 5 ]
[ 4, 1, 2, 0, 5, 3 ]
[ 0, 3, 4, 2, 1, 5 ]
[ 3, 4, 5, 0, 1, 2 ]
[ 2, 5, 1, 3, 4, 0 ]
[ 5, 4, 2, 3, 0, 1 ]
[ 5, 0, 4, 1, 3, 2 ]
[ 1, 4, 3, 5, 2, 0 ]
Test 57: size=6
[ 0, 5, 4, 2, 1, 3 ]
[ 1, 5, 4, 0, 3, 2 ]
[ 4, 0, 2, 3, 1, 5 ]
[ 5, 0, 3, 1, 4, 2 ]
[ 0, 1, 2, 5, 3, 4 ]
[ 1, 3, 4, 5, 2, 0 ]
Test 58: size=6
[ 2, 0, 1, 4, 5, 3 ]
[ 5, 0, 2, 1, 4, 3 ]
[ 0, 3, 1, 5, 2, 4 ]
[ 0, 5, 3, 4, 2, 1 ]
[ 1, 5, 3, 0, 4, 2 ]
[ 4, 0, 2, 5, 3, 1 ]
Test 59: size=6
[ 0, 1, 3, 5, 4, 2 ]
[ 3, 4, 1, 2, 0, 5 ]
[ 1, 2, 5, 0, 3, 4 ]
[ 2, 3, 0, 1, 5, 4 ]
[ 0, 5, 1, 3, 2, 4 ]
[ 5, 3, 2, 0, 1, 4 ]
Test 60: size=6
[ 1, 2, 5, 4, 3, 0 ]
[ 1, 4, 5, 3, 0, 2 ]
[ 4, 0, 5, 1, 2, 3 ]
[ 1, 0, 4, 2, 3, 5 ]
[ 1, 5, 2, 0, 4, 3 ]
[ 4, 1, 3, 2, 5, 0 ]
