
=============================================

n=4
Test 1: size=6
[ 0, 1, 2, 3 ]
[ 1, 0, 3, 2 ]
[ 0, 2, 3, 1 ]
[ 2, 0, 1, 3 ]
[ 0, 3, 1, 2 ]
[ 3, 0, 2, 1 ]
Test 2: size=6
[ 0, 1, 2, 3 ]
[ 1, 0, 3, 2 ]
[ 0, 2, 3, 1 ]
[ 2, 0, 1, 3 ]
[ 0, 3, 1, 2 ]
[ 3, 0, 2, 1 ]
Test 3: size=6
[ 0, 1, 2, 3 ]
[ 1, 0, 3, 2 ]
[ 0, 2, 3, 1 ]
[ 2, 0, 1, 3 ]
[ 0, 3, 1, 2 ]
[ 3, 0, 2, 1 ]
Test 4: size=6
[ 0, 1, 2, 3 ]
[ 1, 0, 3, 2 ]
[ 0, 2, 3, 1 ]
[ 2, 0, 1, 3 ]
[ 0, 3, 1, 2 ]
[ 3, 0, 2, 1 ]
Test 5: size=6
[ 0, 1, 2, 3 ]
[ 1, 0, 3, 2 ]
[ 0, 2, 3, 1 ]
[ 2, 0, 1, 3 ]
[ 0, 3, 1, 2 ]
[ 3, 0, 2, 1 ]
Test 6: size=6
[ 0, 1, 2, 3 ]
[ 1, 0, 3, 2 ]
[ 0, 2, 3, 1 ]
[ 2, 0, 1, 3 ]
[ 0, 3, 1, 2 ]
[ 3, 0, 2, 1 ]
Test 7: size=6
[ 0, 1, 2, 3 ]
[ 1, 0, 3, 2 ]
[ 0, 2, 3, 1 ]
[ 2, 0, 1, 3 ]
[ 0, 3, 1, 2 ]
[ 3, 0, 2, 1 ]
Test 8: size=6
[ 0, 1, 2, 3 ]
[ 1, 0, 3, 2 ]
[ 0, 2, 3, 1 ]
[ 2, 0, 1, 3 ]
[ 0, 3, 1, 2 ]
[ 3, 0, 2, 1 ]
Test 9: size=6
[ 0, 1, 2, 3 ]
[ 1, 0, 3, 2 ]
[ 0, 2, 3, 1 ]
[ 2, 0, 1, 3 ]
[ 0, 3, 1, 2 ]
[ 3, 0, 2, 1 ]
Test 10: size=6
[ 0, 1, 2, 3 ]
[ 1, 0, 3, 2 ]
[ 0, 2, 3, 1 ]
[ 2, 0, 1, 3 ]
[ 0, 3, 1, 2 ]
[ 3, 0, 2, 1 ]
Test 11: size=6
[ 0, 1, 2, 3 ]
[ 1, 0, 3, 2 ]
[ 0, 2, 3, 1 ]
[ 2, 0, 1, 3 ]
[ 0, 3, 1, 2 ]
[ 3, 0, 2, 1 ]
Test 12: size=6
[ 0, 1, 2, 3 ]
[ 1, 0, 3, 2 ]
[ 0, 2, 3, 1 ]
[ 2, 0, 1, 3 ]
[ 0, 3, 1, 2 ]
[ 3, 0, 2, 1 ]
Test 13: size=6
[ 0, 1, 2, 3 ]
[ 1, 0, 3, 2 ]
[ 0, 2, 3, 1 ]
[ 2, 0, 1, 3 ]
[ 0, 3, 1, 2 ]
[ 3, 0, 2, 1 ]
Test 14: size=6
[ 0, 1, 2, 3 ]
[ 1, 0, 3, 2 ]
[ 0, 2, 3, 1 ]
[ 2, 0, 1, 3 ]
[ 0, 3, 1, 2 ]
[ 3, 0, 2, 1 ]
Test 15: size=6
[ 0, 1, 2, 3 ]
[ 1, 0, 3, 2 ]
[ 0, 2, 3, 1 ]
[ 2, 0, 1, 3 ]
[ 0, 3, 1, 2 ]
[ 3, 0, 2, 1 ]
Test 16: size=6
[ 0, 1, 2, 3 ]
[ 1, 0, 3, 2 ]
[ 0, 2, 3, 1 ]
[ 2, 0, 1, 3 ]
[ 0, 3, 1, 2 ]
[ 3, 0, 2, 1 ]
Test 17: size=6
[ 0, 1, 2, 3 ]
[ 1, 0, 3, 2 ]
[ 0, 2, 3, 1 ]
[ 2, 0, 1, 3 ]
[ 0, 3, 1, 2 ]
[ 3, 0, 2, 1 ]
Test 18: size=6
[ 0, 1, 2, 3 ]
[ 1, 0, 3, 2 ]
[ 0, 2, 3, 1 ]
[ 2, 0, 1, 3 ]
[ 0, 3, 1, 2 ]
[ 3, 0, 2, 1 ]
Test 19: size=6
[ 0, 1, 2, 3 ]
[ 1, 0, 3, 2 ]
[ 0, 2, 3, 1 ]
[ 2, 0, 1, 3 ]
[ 0, 3, 1, 2 ]
[ 3, 0, 2, 1 ]
Test 20: size=6
[ 0, 1, 2, 3 ]
[ 1, 0, 3, 2 ]
[ 0, 2, 3, 1 ]
[ 2, 0, 1, 3 ]
[ 0, 3, 1, 2 ]
[ 3, 0, 2, 1 ]
Test 21: size=6
[ 0, 1, 2, 3 ]
[ 1, 0, 3, 2 ]
[ 0, 2, 3, 1 ]
[ 2, 0, 1, 3 ]
[ 0, 3, 1, 2 ]
[ 3, 0, 2, 1 ]
Test 22: size=6
[ 0, 1, 2, 3 ]
[ 1, 0, 3, 2 ]
[ 0, 2, 3, 1 ]
[ 2, 0, 1, 3 ]
[ 0, 3, 1, 2 ]
[ 3, 0, 2, 1 ]
Test 23: size=6
[ 0, 1, 2, 3 ]
[ 1, 0, 3, 2 ]
[ 0, 2, 3, 1 ]
[ 2, 0, 1, 3 ]
[ 0, 3, 1, 2 ]
[ 3, 0, 2, 1 ]
Test 24: size=6
[ 0, 1, 2, 3 ]
[ 1, 0, 3, 2 ]
[ 0, 2, 3, 1 ]
[ 2, 0, 1, 3 ]
[ 0, 3, 1, 2 ]
[ 3, 0, 2, 1 ]
Test 25: size=6
[ 0, 1, 2, 3 ]
[ 1, 0, 3, 2 ]
[ 0, 2, 3, 1 ]
[ 2, 0, 1, 3 ]
[ 0, 3, 1, 2 ]
[ 3, 0, 2, 1 ]
Test 26: size=6
[ 0, 1, 2, 3 ]
[ 1, 0, 3, 2 ]
[ 0, 2, 3, 1 ]
[ 2, 0, 1, 3 ]
[ 0, 3, 1, 2 ]
[ 3, 0, 2, 1 ]
Test 27: size=6
[ 0, 1, 2, 3 ]
[ 1, 0, 3, 2 ]
[ 0, 2, 3, 1 ]
[ 2, 0, 1, 3 ]
[ 0, 3, 1, 2 ]
[ 3, 0, 2, 1 ]
Test 28: size=6
[ 0, 1, 2, 3 ]
[ 1, 0, 3, 2 ]
[ 0, 2, 3, 1 ]
[ 2, 0, 1, 3 ]
[ 0, 3, 1, 2 ]
[ 3, 0, 2, 1 ]
Test 29: size=6
[ 0, 1, 2, 3 ]
[ 1, 0, 3, 2 ]
[ 0, 2, 3, 1 ]
[ 2, 0, 1, 3 ]
[ 0, 3, 1, 2 ]
[ 3, 0, 2, 1 ]
Test 30: size=6
[ 0, 1, 2, 3 ]
[ 1, 0, 3, 2 ]
[ 0, 2, 3, 1 ]
[ 2, 0, 1, 3 ]
[ 0, 3, 1, 2 ]
[ 3, 0, 2, 1 ]
Test 31: size=6
[ 0, 1, 2, 3 ]
[ 1, 0, 3, 2 ]
[ 0, 2, 3, 1 ]
[ 2, 0, 1, 3 ]
[ 0, 3, 1, 2 ]
[ 3, 0, 2, 1 ]
Test 32: size=6
[ 0, 1, 2, 3 ]
[ 1, 0, 3, 2 ]
[ 0, 2, 3, 1 ]
[ 2, 0, 1, 3 ]
[ 0, 3, 1, 2 ]
[ 3, 0, 2, 1 ]
Test 33: size=6
[ 0, 1, 2, 3 ]
[ 1, 0, 3, 2 ]
[ 0, 2, 3, 1 ]
[ 2, 0, 1, 3 ]
[ 0, 3, 1, 2 ]
[ 3, 0, 2, 1 ]
Test 34: size=6
[ 0, 1, 2, 3 ]
[ 1, 0, 3, 2 ]
[ 0, 2, 3, 1 ]
[ 2, 0, 1, 3 ]
[ 0, 3, 1, 2 ]
[ 3, 0, 2, 1 ]
Test 35: size=6
[ 0, 1, 2, 3 ]
[ 1, 0, 3, 2 ]
[ 0, 2, 3, 1 ]
[ 2, 0, 1, 3 ]
[ 0, 3, 1, 2 ]
[ 3, 0, 2, 1 ]
Test 36: size=6
[ 0, 1, 2, 3 ]
[ 1, 0, 3, 2 ]
[ 0, 2, 3, 1 ]
[ 2, 0, 1, 3 ]
[ 0, 3, 1, 2 ]
[ 3, 0, 2, 1 ]
Test 37: size=6
[ 0, 1, 2, 3 ]
[ 1, 0, 3, 2 ]
[ 0, 2, 3, 1 ]
[ 2, 0, 1, 3 ]
[ 0, 3, 1, 2 ]
[ 3, 0, 2, 1 ]
Test 38: size=6
[ 0, 1, 2, 3 ]
[ 1, 0, 3, 2 ]
[ 0, 2, 3, 1 ]
[ 2, 0, 1, 3 ]
[ 0, 3, 1, 2 ]
[ 3, 0, 2, 1 ]
Test 39: size=6
[ 0, 1, 2, 3 ]
[ 1, 0, 3, 2 ]
[ 0, 2, 3, 1 ]
[ 2, 0, 1, 3 ]
[ 0, 3, 1, 2 ]
[ 3, 0, 2, 1 ]
Test 40: size=6
[ 0, 1, 2, 3 ]
[ 1, 0, 3, 2 ]
[ 0, 2, 3, 1 ]
[ 2, 0, 1, 3 ]
[ 0, 3, 1, 2 ]
[ 3, 0, 2, 1 ]
Test 41: size=6
[ 0, 1, 2, 3 ]
[ 1, 0, 3, 2 ]
[ 0, 2, 3, 1 ]
[ 2, 0, 1, 3 ]
[ 0, 3, 1, 2 ]
[ 3, 0, 2, 1 ]
Test 42: size=6
[ 0, 1, 2, 3 ]
[ 1, 0, 3, 2 ]
[ 0, 2, 3, 1 ]
[ 2, 0, 1, 3 ]
[ 0, 3, 1, 2 ]
[ 3, 0, 2, 1 ]
Test 43: size=6
[ 0, 1, 2, 3 ]
[ 1, 0, 3, 2 ]
[ 0, 2, 3, 1 ]
[ 2, 0, 1, 3 ]
[ 0, 3, 1, 2 ]
[ 3, 0, 2, 1 ]
Test 44: size=6
[ 0, 1, 2, 3 ]
[ 1, 0, 3, 2 ]
[ 0, 2, 3, 1 ]
[ 2, 0, 1, 3 ]
[ 0, 3, 1, 2 ]
[ 3, 0, 2, 1 ]
Test 45: size=6
[ 0, 1, 2, 3 ]
[ 1, 0, 3, 2 ]
[ 0, 2, 3, 1 ]
[ 2, 0, 1, 3 ]
[ 0, 3, 1, 2 ]
[ 3, 0, 2, 1 ]
Test 46: size=6
[ 0, 1, 2, 3 ]
[ 1, 0, 3, 2 ]
[ 0, 2, 3, 1 ]
[ 2, 0, 1, 3 ]
[ 0, 3, 1, 2 ]
[ 3, 0, 2, 1 ]
Test 47: size=6
[ 0, 1, 2, 3 ]
[ 1, 0, 3, 2 ]
[ 0, 2, 3, 1 ]
[ 2, 0, 1, 3 ]
[ 0, 3, 1, 2 ]
[ 3, 0, 2, 1 ]
Test 48: size=6
[ 0, 1, 2, 3 ]
[ 1, 0, 3, 2 ]
[ 0, 2, 3, 1 ]
[ 2, 0, 1, 3 ]
[ 0, 3, 1, 2 ]
[ 3, 0, 2, 1 ]
Test 49: size=6
[ 0, 1, 2, 3 ]
[ 1, 0, 3, 2 ]
[ 0, 2, 3, 1 ]
[ 2, 0, 1, 3 ]
[ 0, 3, 1, 2 ]
[ 3, 0, 2, 1 ]
Test 50: size=6
[ 0, 1, 2, 3 ]
[ 1, 0, 3, 2 ]
[ 0, 2, 3, 1 ]
[ 2, 0, 1, 3 ]
[ 0, 3, 1, 2 ]
[ 3, 0, 2, 1 ]
Test 51: size=6
[ 0, 1, 2, 3 ]
[ 1, 0, 3, 2 ]
[ 0, 2, 3, 1 ]
[ 2, 0, 1, 3 ]
[ 0, 3, 1, 2 ]
[ 3, 0, 2, 1 ]
Test 52: size=6
[ 0, 1, 2, 3 ]
[ 1, 0, 3, 2 ]
[ 0, 2, 3, 1 ]
[ 2, 0, 1, 3 ]
[ 0, 3, 1, 2 ]
[ 3, 0, 2, 1 ]
Test 53: size=6
[ 0, 1, 2, 3 ]
[ 1, 0, 3, 2 ]
[ 0, 2, 3, 1 ]
[ 2, 0, 1, 3 ]
[ 0, 3, 1, 2 ]
[ 3, 0, 2, 1 ]
Test 54: size=6
[ 0, 1, 2, 3 ]
[ 1, 0, 3, 2 ]
[ 0, 2, 3, 1 ]
[ 2, 0, 1, 3 ]
[ 0, 3, 1, 2 ]
[ 3, 0, 2, 1 ]
Test 55: size=6
[ 0, 1, 2, 3 ]
[ 1, 0, 3, 2 ]
[ 0, 2, 3, 1 ]
[ 2, 0, 1, 3 ]
[ 0, 3, 1, 2 ]
[ 3, 0, 2, 1 ]
Test 56: size=6
[ 0, 1, 2, 3 ]
[ 1, 0, 3, 2 ]
[ 0, 2, 3, 1 ]
[ 2, 0, 1, 3 ]
[ 0, 3, 1, 2 ]
[ 3, 0, 2, 1 ]
Test 57: size=6
[ 0, 1, 2, 3 ]
[ 1, 0, 3, 2 ]
[ 0, 2, 3, 1 ]
[ 2, 0, 1, 3 ]
[ 0, 3, 1, 2 ]
[ 3, 0, 2, 1 ]
Test 58: size=6
[ 0, 1, 2, 3 ]
[ 1, 0, 3, 2 ]
[ 0, 2, 3, 1 ]
[ 2, 0, 1, 3 ]
[ 0, 3, 1, 2 ]
[ 3, 0, 2, 1 ]
Test 59: size=6
[ 0, 1, 2, 3 ]
[ 1, 0, 3, 2 ]
[ 0, 2, 3, 1 ]
[ 2, 0, 1, 3 ]
[ 0, 3, 1, 2 ]
[ 3, 0, 2, 1 ]
Test 60: size=6
[ 0, 1, 2, 3 ]
[ 1, 0, 3, 2 ]
[ 0, 2, 3, 1 ]
[ 2, 0, 1, 3 ]
[ 0, 3, 1, 2 ]
[ 3, 0, 2, 1 ]
