
=============================================

n=6
Test 1: size=6
[ 4, 3, 1, 2, 5, 0 ]
[ 1, 4, 2, 0, 5, 3 ]
[ 3, 1, 0, 4, 5, 2 ]
[ 0, 1, 2, 3, 4, 5 ]
[ 2, 3, 5, 1, 4, 0 ]
[ 0, 3, 5, 4, 2, 1 ]
Test 2: size=6
[ 4, 3, 0, 1, 5, 2 ]
[ 5, 2, 4, 0, 1, 3 ]
[ 5, 3, 0, 2, 1, 4 ]
[ 0, 2, 3, 5, 4, 1 ]
[ 2, 3, 1, 4, 0, 5 ]
[ 0, 5, 1, 3, 4, 2 ]
Test 3: size=6
[ 0, 5, 1, 4, 3, 2 ]
[ 1, 0, 3, 5, 2, 4 ]
[ 4, 3, 1, 5, 2, 0 ]
[ 4, 0, 3, 2, 1, 5 ]
[ 2, 1, 0, 4, 5, 3 ]
[ 1, 4, 5, 0, 2, 3 ]
Test 4: size=5
[ 3, 1, 5, 4, 2, 0 ]
[ 0, 4, 2, 3, 5, 1 ]
[ 5, 2, 1, 0, 3, 4 ]
[ 3, 0, 2, 1, 4, 5 ]
[ 4, 1, 0, 2, 5, 3 ]
Test 5: size=6
[ 1, 4, 3, 2, 5, 0 ]
[ 1, 3, 4, 5, 0, 2 ]
[ 1, 2, 0, 3, 5, 4 ]
[ 5, 2, 1, 4, 0, 3 ]
[ 4, 1, 0, 5, 3, 2 ]
[ 3, 2, 1, 5, 4, 0 ]
Test 6: size=6
[ 1, 5, 3, 2, 4, 0 ]
[ 4, 0, 1, 5, 2, 3 ]
[ 3, 5, 0, 4, 1, 2 ]
[ 1, 3, 2, 0, 4, 5 ]
[ 5, 0, 2, 1, 3, 4 ]
[ 1, 4, 2, 5, 0, 3 ]
Test 7: size=6
[ 3, 5, 1, 2, 4, 0 ]
[ 0, 1, 4, 3, 5, 2 ]
[ 5, 3, 0, 4, 1, 2 ]
[ 4, 2, 3, 5, 0, 1 ]
[ 4, 5, 1, 3, 0, 2 ]
[ 4, 3, 1, 0, 2, 5 ]
Test 8: size=6
[ 5, 1, 0, 3, 2, 4 ]
[ 0, 3, 5, 4, 2, 1 ]
[ 3, 5, 2, 1, 4, 0 ]
[ 1, 3, 5, 0, 4, 2 ]
[ 2, 3, 4, 1, 0, 5 ]
[ 0, 5, 4, 3, 1, 2 ]
Test 9: size=6
[ 3, 4, 0, 2, 5, 1 ]
[ 5, 2, 4, 0, 1, 3 ]
[ 0, 5, 1, 4, 2, 3 ]
[ 1, 4, 5, 3, 0, 2 ]
[ 4, 3, 5, 1, 2, 0 ]
[ 2, 1, 4, 3, 0, 5 ]
Test 10: size=6
[ 2, 1, 5, 0, 3, 4 ]
[ 1, 3, 4, 2, 0, 5 ]
[ 2, 5, 1, 4, 0, 3 ]
[ 1, 0, 2, 5, 4, 3 ]
[ 5, 2, 4, 0, 1, 3 ]
[ 0, 2, 3, 1, 4, 5 ]
Test 11: size=5
[ 2, 3, 5, 1, 4, 0 ]
[ 1, 0, 2, 5, 3, 4 ]
[ 4, 5, 0, 1, 2, 3 ]
[ 1, 2, 4, 3, 0, 5 ]
[ 0, 1, 3, 2, 4, 5 ]
Test 12: size=6
[ 4, 5, 2, 0, 1, 3 ]
[ 2, 3, 5, 0, 1, 4 ]
[ 4, 0, 3, 2, 1, 5 ]
[ 1, 2, 4, 3, 0, 5 ]
[ 5, 3, 4, 1, 2, 0 ]
[ 1, 3, 5, 2, 4, 0 ]
Test 13: size=5
[ 0, 4, 2, 1, 3, 5 ]
[ 4, 3, 2, 5, 1, 0 ]
[ 2, 4, 5, 3, 0, 1 ]
[ 3, 2, 0, 5, 1, 4 ]
[ 4, 5, 1, 3, 0, 2 ]
Test 14: size=6
[ 4, 0, 1, 5, 2, 3 ]
[ 2, 5, 3, 0, 1, 4 ]
[ 2, 0, 4, 3, 5, 1 ]
[ 0, 5, 1, 3, 4, 2 ]
[ 3, 4, 5, 0, 2, 1 ]
[ 5, 1, 4, 2, 3, 0 ]
Test 15: size=6
[ 0, 2, 1, 4, 3, 5 ]
[ 4, 2, 1, 5, 0, 3 ]
[ 3, 4, 0, 2, 5, 1 ]
[ 2, 5, 0, 4, 1, 3 ]
[ 4, 5, 2, 1, 3, 0 ]
[ 2, 4, 5, 3, 1, 0 ]
Test 16: size=6
[ 0, 5, 2, 1, 3, 4 ]
[ 3, 5, 1, 4, 0, 2 ]
[ 5, 3, 0, 1, 4, 2 ]
[ 5, 1, 2, 4, 0, 3 ]
[ 0, 1, 5, 2, 4, 3 ]
[ 1, 2, 3, 5, 0, 4 ]
Test 17: size=9
[ 2, 1, 5, 0, 3, 4 ]
[ 2, 0, 3, 5, 4, 1 ]
[ 0, 4, 1, 5, 3, 2 ]
[ 1, 3, 4, 2, 0, 5 ]
[ 5, 1, 3, 2, 0, 4 ]
[ 3, 2, 4, 5, 1, 0 ]
[ 3, 4, 1, 0, 2, 5 ]
[ 4, 5, 2, 1, 0, 3 ]
[ 1, 2, 4, 0, 5, 3 ]
Test 18: size=5
[ 0, 1, 5, 4, 2, 3 ]
[ 5, 3, 1, 4, 2, 0 ]
[ 1, 2, 5, 3, 4, 0 ]
[ 4, 3, 1, 0, 5, 2 ]
[ 2, 0, 3, 4, 1, 5 ]
Test 19: size=9
[ 5, 4, 1, 0, 2, 3 ]
[ 3, 1, 2, 5, 4, 0 ]
[ 0, 1, 5, 4, 3, 2 ]
[ 4, 3, 5, 1, 2, 0 ]
[ 1, 2, 4, 0, 5, 3 ]
[ 1, 5, 2, 3, 0, 4 ]
[ 5, 0, 2, 4, 3, 1 ]
[ 1, 0, 3, 5, 4, 2 ]
[ 4, 1, 3, 0, 2, 5 ]
Test 20: size=6
[ 1, 0, 2, 3, 4, 5 ]
[ 2, 3, 0, 4, 5, 1 ]
[ 0, 1, 5, 3, 2, 4 ]
[ 5, 2, 1, 3, 4, 0 ]
[ 4, 1, 3, 0, 5, 2 ]
[ 1, 4, 2, 5, 3, 0 ]
Test 21: size=6
[ 4, 2, 5, 1, 0, 3 ]
[ 2, 0, 3, 1, 4, 5 ]
[ 4, 3, 1, 2, 5, 0 ]
[ 1, 5, 4, 0, 2, 3 ]
[ 4, 1, 2, 3, 0, 5 ]
[ 1, 0, 5, 4, 3, 2 ]
Test 22: size=9
[ 2, 5, 3, 4, 1, 0 ]
[ 3, 0, 1, 5, 2, 4 ]
[ 2, 1, 3, 5, 0, 4 ]
[ 3, 2, 1, 0, 4, 5 ]
[ 2, 4, 0, 3, 1, 5 ]
[ 4, 3, 2, 5, 0, 1 ]
[ 0, 2, 1, 4, 5, 3 ]
[ 0, 5, 4, 2, 3, 1 ]
[ 1, 4, 2, 0, 3, 5 ]
Test 23: size=5
[ 3, 2, 5, 4, 0, 1 ]
[ 5, 4, 3, 0, 2, 1 ]
[ 4, 3, 2, 1, 0, 5 ]
[ 5, 2, 4, 1, 3, 0 ]
[ 0, 2, 3, 5, 1, 4 ]
Test 24: size=6
[ 5, 1, 2, 4, 3, 0 ]
[ 5, 4, 3, 1, 0, 2 ]
[ 1, 5, 4, 0, 2, 3 ]
[ 0, 4, 3, 5, 2, 1 ]
[ 4, 2, 5, 1, 0, 3 ]
[ 4, 5, 0, 3, 1, 2 ]
Test 25: size=7
[ 5, 4, 0, 3, 2, 1 ]
[ 4, 0, 2, 3, 5, 1 ]
[ 5, 0, 4, 1, 3, 2 ]
[ 2, 5, 1, 0, 3, 4 ]
[ 2, 4, 3, 1, 5, 0 ]
[ 3, 4, 5, 2, 1, 0 ]
[ 5, 3, 0, 2, 1, 4 ]
Test 26: size=5
[ 0, 5, 2, 3, 4, 1 ]
[ 4, 0, 3, 5, 1, 2 ]
[ 3, 2, 0, 4, 1, 5 ]
[ 0, 2, 4, 1, 3, 5 ]
[ 0, 1, 5, 2, 4, 3 ]
Test 27: size=7
[ 2, 1, 3, 0, 5, 4 ]
[ 3, 4, 1, 2, 0, 5 ]
[ 0, 1, 3, 4, 2, 5 ]
[ 5, 3, 2, 0, 1, 4 ]
[ 2, 3, 0, 4, 5, 1 ]
[ 0, 3, 5, 1, 2, 4 ]
[ 2, 5, 3, 1, 4, 0 ]
Test 28: size=5
[ 3, 4, 5, 2, 1, 0 ]
[ 1, 0, 3, 4, 2, 5 ]
[ 2, 3, 1, 4, 0, 5 ]
[ 4, 0, 2, 3, 5, 1 ]
[ 4, 1, 0, 2, 5, 3 ]
Test 29: size=6
[ 2, 0, 1, 5, 4, 3 ]
[ 1, 2, 5, 0, 3, 4 ]
[ 5, 4, 2, 3, 1, 0 ]
[ 4, 0, 2, 1, 3, 5 ]
[ 5, 1, 4, 0, 3, 2 ]
[ 5, 2, 4, 1, 0, 3 ]
Test 30: size=6
[ 5, 4, 1, 2, 3, 0 ]
[ 1, 0, 4, 2, 3, 5 ]
[ 2, 4, 3, 0, 1, 5 ]
[ 0, 4, 3, 5, 2, 1 ]
[ 2, 1, 3, 4, 5, 0 ]
[ 4, 5, 3, 1, 0, 2 ]
