
-------
permutations
{
[ 6, 5, 8, 7, 2, 1, 4, 3 ]
}

-------
permutations
{
[ 6, 5, 8, 7, 2, 1, 4, 3 ],
[ 6, 7, 5, 3, 4, 1, 2, 8 ]
}

-------
permutations
{
[ 6, 5, 8, 7, 2, 1, 4, 3 ],
[ 6, 7, 5, 3, 4, 1, 2, 8 ],
[ 6, 2, 4, 3, 1, 5, 8, 7 ]
}

-------
permutations
{
[ 6, 5, 8, 7, 2, 1, 4, 3 ],
[ 6, 7, 5, 3, 4, 1, 2, 8 ],
[ 6, 2, 4, 3, 1, 5, 8, 7 ],
[ 6, 7, 5, 1, 3, 4, 2, 8 ]
}

-------
permutations
{
[ 6, 5, 8, 7, 2, 1, 4, 3 ],
[ 6, 7, 5, 3, 4, 1, 2, 8 ],
[ 6, 2, 4, 3, 1, 5, 8, 7 ],
[ 6, 7, 5, 1, 3, 4, 2, 8 ],
[ 5, 7, 6, 4, 3, 1, 2, 8 ]
}

-------
permutations
{
[ 6, 5, 8, 7, 2, 1, 4, 3 ],
[ 6, 7, 5, 3, 4, 1, 2, 8 ],
[ 6, 2, 4, 3, 1, 5, 8, 7 ],
[ 6, 7, 5, 8, 3, 2, 4, 1 ],
[ 6, 7, 5, 1, 3, 4, 2, 8 ],
[ 5, 7, 6, 4, 3, 1, 2, 8 ]
}
largest set of permutations
{
[ 1, 2, 3, 4, 5, 6, 7, 8, 9, 10, 11, 12 ],
[ 6, 5, 8, 7, 2, 1, 4, 3, 11, 12, 9, 10 ],
[ 10, 11, 1, 4, 2, 3, 8, 5, 7, 6, 9, 12 ]
}
size=3

-------
permutations
{
[ 6, 7, 5, 1, 3, 4, 2, 8 ],
[ 5, 7, 6, 4, 3, 1, 2, 8 ],
[ 6, 5, 8, 7, 2, 1, 4, 3 ],
[ 3, 5, 2, 4, 6, 1, 8, 7 ],
[ 6, 2, 4, 3, 1, 5, 8, 7 ],
[ 6, 7, 5, 8, 3, 2, 4, 1 ],
[ 6, 7, 5, 3, 4, 1, 2, 8 ]
}
largest set of permutations
{
[ 1, 2, 3, 4, 5, 6, 7, 8, 9, 10, 11, 12 ],
[ 6, 5, 8, 7, 2, 1, 4, 3, 11, 12, 9, 10 ],
[ 10, 11, 1, 4, 2, 3, 8, 5, 7, 6, 9, 12 ]
}
size=3

-------
permutations
{
[ 6, 7, 5, 1, 3, 4, 2, 8 ],
[ 5, 7, 6, 4, 3, 1, 2, 8 ],
[ 7, 4, 6, 5, 3, 8, 1, 2 ],
[ 6, 5, 8, 7, 2, 1, 4, 3 ],
[ 3, 5, 2, 4, 6, 1, 8, 7 ],
[ 6, 2, 4, 3, 1, 5, 8, 7 ],
[ 6, 7, 5, 8, 3, 2, 4, 1 ],
[ 6, 7, 5, 3, 4, 1, 2, 8 ]
}
largest set of permutations
{
[ 11, 12, 9, 6, 8, 7, 5, 10, 2, 1, 4, 3 ],
[ 1, 2, 3, 4, 5, 6, 7, 8, 9, 10, 11, 12 ],
[ 10, 12, 11, 9, 6, 7, 5, 8, 3, 2, 4, 1 ]
}
size=3

-------
permutations
{
[ 6, 7, 5, 1, 3, 4, 2, 8 ],
[ 5, 7, 6, 4, 3, 1, 2, 8 ],
[ 7, 4, 6, 5, 3, 8, 1, 2 ],
[ 6, 5, 8, 7, 2, 1, 4, 3 ],
[ 3, 5, 2, 4, 6, 1, 8, 7 ],
[ 6, 2, 4, 3, 1, 5, 8, 7 ],
[ 6, 7, 5, 8, 3, 2, 4, 1 ],
[ 4, 6, 3, 5, 7, 1, 2, 8 ],
[ 6, 7, 5, 3, 4, 1, 2, 8 ]
}
largest set of permutations
{
[ 11, 12, 9, 6, 8, 7, 5, 10, 2, 1, 4, 3 ],
[ 1, 2, 3, 4, 5, 6, 7, 8, 9, 10, 11, 12 ],
[ 10, 12, 11, 9, 6, 7, 5, 8, 3, 2, 4, 1 ]
}
size=3

-------
permutations
{
[ 3, 5, 2, 4, 6, 1, 8, 7 ],
[ 6, 7, 5, 8, 3, 2, 4, 1 ],
[ 6, 7, 5, 1, 3, 4, 2, 8 ],
[ 6, 7, 5, 3, 4, 1, 2, 8 ],
[ 5, 7, 6, 4, 3, 1, 2, 8 ],
[ 6, 5, 8, 7, 2, 1, 4, 3 ],
[ 7, 4, 6, 5, 3, 8, 1, 2 ],
[ 4, 6, 3, 5, 7, 1, 2, 8 ],
[ 6, 2, 4, 3, 1, 5, 8, 7 ],
[ 6, 8, 5, 7, 2, 1, 4, 3 ]
}
largest set of permutations
{
[ 11, 12, 9, 6, 8, 7, 5, 10, 2, 1, 4, 3 ],
[ 1, 2, 3, 4, 5, 6, 7, 8, 9, 10, 11, 12 ],
[ 10, 12, 11, 9, 6, 7, 5, 8, 3, 2, 4, 1 ]
}
size=3

-------
permutations
{
[ 3, 5, 2, 4, 6, 1, 8, 7 ],
[ 6, 7, 5, 8, 3, 2, 4, 1 ],
[ 6, 7, 5, 1, 3, 4, 2, 8 ],
[ 6, 7, 5, 3, 4, 1, 2, 8 ],
[ 5, 7, 6, 4, 3, 1, 2, 8 ],
[ 6, 5, 8, 7, 2, 1, 4, 3 ],
[ 7, 4, 6, 5, 3, 8, 1, 2 ],
[ 7, 6, 8, 5, 1, 2, 3, 4 ],
[ 4, 6, 3, 5, 7, 1, 2, 8 ],
[ 6, 2, 4, 3, 1, 5, 8, 7 ],
[ 6, 8, 5, 7, 2, 1, 4, 3 ]
}
largest set of permutations
{
[ 12, 10, 9, 11, 7, 5, 6, 8, 4, 1, 3, 2 ],
[ 1, 2, 3, 4, 5, 6, 7, 8, 9, 10, 11, 12 ],
[ 3, 2, 4, 5, 8, 6, 7, 1, 11, 12, 9, 10 ]
}
size=3

-------
permutations
{
[ 3, 5, 2, 4, 6, 1, 8, 7 ],
[ 6, 7, 5, 8, 3, 2, 4, 1 ],
[ 6, 7, 5, 1, 3, 4, 2, 8 ],
[ 6, 7, 5, 3, 4, 1, 2, 8 ],
[ 5, 7, 6, 4, 3, 1, 2, 8 ],
[ 8, 1, 3, 4, 2, 5, 7, 6 ],
[ 6, 5, 8, 7, 2, 1, 4, 3 ],
[ 7, 4, 6, 5, 3, 8, 1, 2 ],
[ 7, 6, 8, 5, 1, 2, 3, 4 ],
[ 4, 6, 3, 5, 7, 1, 2, 8 ],
[ 6, 2, 4, 3, 1, 5, 8, 7 ],
[ 6, 8, 5, 7, 2, 1, 4, 3 ]
}
largest set of permutations
{
[ 10, 9, 12, 11, 6, 5, 8, 7, 4, 1, 3, 2 ],
[ 1, 2, 3, 4, 5, 6, 7, 8, 9, 10, 11, 12 ],
[ 10, 11, 9, 12, 7, 6, 8, 5, 1, 2, 3, 4 ]
}
size=3

-------
permutations
{
[ 3, 5, 2, 4, 6, 1, 8, 7 ],
[ 6, 7, 5, 8, 3, 2, 4, 1 ],
[ 6, 7, 5, 1, 3, 4, 2, 8 ],
[ 6, 7, 5, 3, 4, 1, 2, 8 ],
[ 4, 5, 2, 3, 1, 7, 8, 6 ],
[ 5, 7, 6, 4, 3, 1, 2, 8 ],
[ 8, 1, 3, 4, 2, 5, 7, 6 ],
[ 6, 5, 8, 7, 2, 1, 4, 3 ],
[ 7, 4, 6, 5, 3, 8, 1, 2 ],
[ 7, 6, 8, 5, 1, 2, 3, 4 ],
[ 4, 6, 3, 5, 7, 1, 2, 8 ],
[ 6, 2, 4, 3, 1, 5, 8, 7 ],
[ 6, 8, 5, 7, 2, 1, 4, 3 ]
}
largest set of permutations
{
[ 9, 10, 11, 12, 8, 6, 5, 7, 3, 1, 2, 4 ],
[ 1, 2, 3, 4, 5, 6, 7, 8, 9, 10, 11, 12 ],
[ 1, 3, 4, 2, 6, 8, 7, 5, 9, 12, 10, 11 ]
}
size=3

-------
permutations
{
[ 3, 5, 2, 4, 6, 1, 8, 7 ],
[ 3, 5, 2, 4, 1, 7, 8, 6 ],
[ 6, 7, 5, 8, 3, 2, 4, 1 ],
[ 6, 7, 5, 1, 3, 4, 2, 8 ],
[ 6, 7, 5, 3, 4, 1, 2, 8 ],
[ 4, 5, 2, 3, 1, 7, 8, 6 ],
[ 5, 7, 6, 4, 3, 1, 2, 8 ],
[ 8, 1, 3, 4, 2, 5, 7, 6 ],
[ 6, 5, 8, 7, 2, 1, 4, 3 ],
[ 7, 4, 6, 5, 3, 8, 1, 2 ],
[ 7, 6, 8, 5, 1, 2, 3, 4 ],
[ 4, 6, 3, 5, 7, 1, 2, 8 ],
[ 6, 2, 4, 3, 1, 5, 8, 7 ],
[ 6, 8, 5, 7, 2, 1, 4, 3 ]
}
largest set of permutations
{
[ 9, 10, 11, 12, 8, 6, 5, 7, 3, 1, 2, 4 ],
[ 1, 2, 3, 4, 5, 6, 7, 8, 9, 10, 11, 12 ],
[ 1, 3, 4, 2, 6, 8, 7, 5, 9, 12, 10, 11 ]
}
size=3

-------
permutations
{
[ 3, 5, 2, 4, 6, 1, 8, 7 ],
[ 3, 5, 2, 4, 1, 7, 8, 6 ],
[ 6, 7, 5, 8, 3, 2, 4, 1 ],
[ 6, 7, 5, 1, 3, 4, 2, 8 ],
[ 6, 7, 5, 3, 4, 1, 2, 8 ],
[ 4, 5, 2, 3, 1, 7, 8, 6 ],
[ 3, 5, 6, 4, 7, 1, 2, 8 ],
[ 5, 7, 6, 4, 3, 1, 2, 8 ],
[ 8, 1, 3, 4, 2, 5, 7, 6 ],
[ 6, 5, 8, 7, 2, 1, 4, 3 ],
[ 7, 4, 6, 5, 3, 8, 1, 2 ],
[ 7, 6, 8, 5, 1, 2, 3, 4 ],
[ 4, 6, 3, 5, 7, 1, 2, 8 ],
[ 6, 2, 4, 3, 1, 5, 8, 7 ],
[ 6, 8, 5, 7, 2, 1, 4, 3 ]
}
largest set of permutations
{
[ 9, 10, 11, 12, 8, 6, 5, 7, 3, 1, 2, 4 ],
[ 1, 2, 3, 4, 5, 6, 7, 8, 9, 10, 11, 12 ],
[ 1, 3, 4, 2, 6, 8, 7, 5, 9, 12, 10, 11 ]
}
size=3

-------
permutations
{
[ 3, 5, 2, 4, 6, 1, 8, 7 ],
[ 3, 5, 2, 4, 1, 7, 8, 6 ],
[ 6, 7, 5, 8, 3, 2, 4, 1 ],
[ 2, 4, 3, 1, 5, 8, 6, 7 ],
[ 6, 7, 5, 1, 3, 4, 2, 8 ],
[ 6, 7, 5, 3, 4, 1, 2, 8 ],
[ 4, 5, 2, 3, 1, 7, 8, 6 ],
[ 3, 5, 6, 4, 7, 1, 2, 8 ],
[ 5, 7, 6, 4, 3, 1, 2, 8 ],
[ 8, 1, 3, 4, 2, 5, 7, 6 ],
[ 6, 5, 8, 7, 2, 1, 4, 3 ],
[ 7, 4, 6, 5, 3, 8, 1, 2 ],
[ 7, 6, 8, 5, 1, 2, 3, 4 ],
[ 4, 6, 3, 5, 7, 1, 2, 8 ],
[ 6, 2, 4, 3, 1, 5, 8, 7 ],
[ 6, 8, 5, 7, 2, 1, 4, 3 ]
}
largest set of permutations
{
[ 4, 1, 3, 2, 5, 7, 8, 6, 11, 12, 9, 10 ],
[ 1, 2, 3, 4, 5, 6, 7, 8, 9, 10, 11, 12 ],
[ 12, 10, 9, 11, 7, 5, 6, 8, 1, 4, 2, 3 ]
}
size=3

-------
permutations
{
[ 6, 7, 5, 1, 3, 4, 2, 8 ],
[ 4, 6, 3, 5, 7, 1, 2, 8 ],
[ 5, 7, 6, 4, 3, 1, 2, 8 ],
[ 2, 4, 3, 1, 6, 8, 7, 5 ],
[ 6, 7, 5, 8, 3, 2, 4, 1 ],
[ 6, 7, 5, 3, 4, 1, 2, 8 ],
[ 6, 8, 5, 7, 2, 1, 4, 3 ],
[ 6, 5, 8, 7, 2, 1, 4, 3 ],
[ 3, 5, 2, 4, 6, 1, 8, 7 ],
[ 3, 5, 2, 4, 1, 7, 8, 6 ],
[ 4, 5, 2, 3, 1, 7, 8, 6 ],
[ 7, 6, 8, 5, 1, 2, 3, 4 ],
[ 2, 4, 3, 1, 5, 8, 6, 7 ],
[ 8, 1, 3, 4, 2, 5, 7, 6 ],
[ 7, 4, 6, 5, 3, 8, 1, 2 ],
[ 6, 2, 4, 3, 1, 5, 8, 7 ],
[ 3, 5, 6, 4, 7, 1, 2, 8 ]
}
largest set of permutations
{
[ 1, 2, 3, 4, 5, 6, 7, 8, 9, 10, 11, 12 ],
[ 10, 9, 12, 11, 7, 6, 8, 5, 1, 2, 3, 4 ],
[ 1, 3, 4, 2, 6, 8, 7, 5, 12, 9, 11, 10 ]
}
size=3
