
=============================================

n=4
Test 1: size=6
[ 0, 1, 2, 3 ]
[ 0, 2, 3, 1 ]
[ 2, 1, 3, 0 ]
[ 3, 0, 2, 1 ]
[ 2, 3, 0, 1 ]
[ 2, 0, 1, 3 ]
Test 2: size=6
[ 3, 2, 0, 1 ]
[ 3, 0, 1, 2 ]
[ 1, 3, 0, 2 ]
[ 2, 3, 1, 0 ]
[ 1, 2, 3, 0 ]
[ 0, 2, 1, 3 ]
Test 3: size=6
[ 3, 2, 0, 1 ]
[ 1, 2, 3, 0 ]
[ 1, 3, 0, 2 ]
[ 2, 3, 1, 0 ]
[ 2, 1, 0, 3 ]
[ 3, 1, 2, 0 ]
Test 4: size=6
[ 0, 1, 2, 3 ]
[ 3, 1, 0, 2 ]
[ 1, 0, 3, 2 ]
[ 2, 1, 3, 0 ]
[ 0, 2, 3, 1 ]
[ 3, 0, 2, 1 ]
Test 5: size=6
[ 0, 2, 3, 1 ]
[ 3, 0, 2, 1 ]
[ 0, 3, 1, 2 ]
[ 1, 0, 3, 2 ]
[ 2, 0, 1, 3 ]
[ 0, 1, 2, 3 ]
Test 6: size=2
[ 2, 3, 1, 0 ]
[ 3, 0, 2, 1 ]
Test 7: size=6
[ 2, 3, 1, 0 ]
[ 2, 0, 3, 1 ]
[ 0, 3, 2, 1 ]
[ 0, 2, 1, 3 ]
[ 2, 1, 0, 3 ]
[ 1, 0, 2, 3 ]
Test 8: size=6
[ 0, 2, 1, 3 ]
[ 1, 3, 0, 2 ]
[ 1, 2, 3, 0 ]
[ 0, 1, 3, 2 ]
[ 3, 2, 0, 1 ]
[ 3, 0, 1, 2 ]
Test 9: size=6
[ 1, 0, 3, 2 ]
[ 3, 2, 1, 0 ]
[ 1, 2, 0, 3 ]
[ 2, 0, 1, 3 ]
[ 1, 3, 2, 0 ]
[ 2, 1, 3, 0 ]
Test 10: size=6
[ 1, 2, 3, 0 ]
[ 2, 3, 1, 0 ]
[ 3, 1, 2, 0 ]
[ 2, 1, 0, 3 ]
[ 2, 0, 3, 1 ]
[ 1, 0, 2, 3 ]
Test 11: size=6
[ 0, 3, 2, 1 ]
[ 3, 1, 2, 0 ]
[ 1, 0, 2, 3 ]
[ 2, 1, 0, 3 ]
[ 0, 1, 3, 2 ]
[ 1, 3, 0, 2 ]
Test 12: size=2
[ 1, 0, 2, 3 ]
[ 2, 1, 3, 0 ]
Test 13: size=6
[ 1, 3, 2, 0 ]
[ 3, 1, 0, 2 ]
[ 2, 1, 3, 0 ]
[ 0, 1, 2, 3 ]
[ 1, 0, 3, 2 ]
[ 3, 0, 2, 1 ]
Test 14: size=6
[ 2, 0, 3, 1 ]
[ 1, 0, 2, 3 ]
[ 1, 2, 3, 0 ]
[ 2, 3, 1, 0 ]
[ 3, 1, 2, 0 ]
[ 2, 1, 0, 3 ]
Test 15: size=2
[ 0, 3, 2, 1 ]
[ 2, 0, 1, 3 ]
Test 16: size=2
[ 0, 1, 2, 3 ]
[ 2, 0, 3, 1 ]
Test 17: size=2
[ 1, 3, 2, 0 ]
[ 2, 1, 0, 3 ]
Test 18: size=2
[ 1, 3, 2, 0 ]
[ 2, 1, 0, 3 ]
Test 19: size=2
[ 0, 2, 1, 3 ]
[ 1, 0, 3, 2 ]
Test 20: size=6
[ 1, 3, 0, 2 ]
[ 2, 3, 1, 0 ]
[ 1, 2, 3, 0 ]
[ 2, 1, 0, 3 ]
[ 3, 2, 0, 1 ]
[ 3, 1, 2, 0 ]
Test 21: size=6
[ 2, 3, 0, 1 ]
[ 2, 1, 3, 0 ]
[ 1, 2, 0, 3 ]
[ 0, 2, 3, 1 ]
[ 0, 1, 2, 3 ]
[ 3, 1, 0, 2 ]
Test 22: size=6
[ 0, 2, 1, 3 ]
[ 2, 1, 0, 3 ]
[ 1, 2, 3, 0 ]
[ 2, 0, 3, 1 ]
[ 2, 3, 1, 0 ]
[ 3, 2, 0, 1 ]
Test 23: size=6
[ 0, 1, 3, 2 ]
[ 3, 0, 1, 2 ]
[ 1, 3, 0, 2 ]
[ 1, 0, 2, 3 ]
[ 1, 2, 3, 0 ]
[ 0, 2, 1, 3 ]
Test 24: size=6
[ 0, 1, 3, 2 ]
[ 3, 2, 0, 1 ]
[ 1, 2, 3, 0 ]
[ 0, 2, 1, 3 ]
[ 1, 3, 0, 2 ]
[ 3, 0, 1, 2 ]
Test 25: size=2
[ 2, 1, 0, 3 ]
[ 0, 2, 3, 1 ]
Test 26: size=6
[ 0, 1, 3, 2 ]
[ 1, 0, 2, 3 ]
[ 1, 2, 3, 0 ]
[ 3, 0, 1, 2 ]
[ 0, 2, 1, 3 ]
[ 2, 0, 3, 1 ]
Test 27: size=6
[ 1, 2, 3, 0 ]
[ 2, 0, 3, 1 ]
[ 1, 0, 2, 3 ]
[ 3, 0, 1, 2 ]
[ 0, 2, 1, 3 ]
[ 0, 1, 3, 2 ]
Test 28: size=6
[ 1, 3, 2, 0 ]
[ 1, 0, 3, 2 ]
[ 3, 1, 0, 2 ]
[ 0, 1, 2, 3 ]
[ 1, 2, 0, 3 ]
[ 0, 3, 1, 2 ]
Test 29: size=6
[ 1, 0, 2, 3 ]
[ 3, 1, 2, 0 ]
[ 2, 3, 1, 0 ]
[ 2, 0, 3, 1 ]
[ 0, 3, 2, 1 ]
[ 2, 1, 0, 3 ]
Test 30: size=6
[ 0, 3, 2, 1 ]
[ 0, 2, 1, 3 ]
[ 2, 0, 3, 1 ]
[ 2, 1, 0, 3 ]
[ 0, 1, 3, 2 ]
[ 3, 2, 0, 1 ]
